#    s        x        y     Ue/Vinf    Dstar     Theta      Cf       H       H*        P         m          K          tau         Di
   0.00000  1.00000  0.00000  0.91712  0.018065  0.009767  0.001293    1.8454    1.6202  0.00821  0.01657  0.01221
   0.00902  0.99119  0.00195  0.92516  0.017282  0.009439  0.001369    1.8268    1.6249  0.00808  0.01599  0.01214
   0.02056  0.97995  0.00454  0.93352  0.016597  0.009111  0.001428    1.8174    1.6275  0.00794  0.01549  0.01206
   0.03339  0.96747  0.00755  0.94297  0.015882  0.008757  0.001490    1.8092    1.6298  0.00779  0.01498  0.01197
   0.04753  0.95376  0.01097  0.95335  0.015173  0.008389  0.001551    1.8042    1.6315  0.00762  0.01446  0.01186
   0.06287  0.93890  0.01480  0.96482  0.014462  0.008003  0.001610    1.8024    1.6325  0.00745  0.01395  0.01173
   0.07925  0.92306  0.01900  0.97735  0.013765  0.007607  0.001664    1.8049    1.6324  0.00727  0.01345  0.01159
   0.09649  0.90644  0.02356  0.99112  0.013076  0.007198  0.001712    1.8119    1.6314  0.00707  0.01296  0.01143
   0.11444  0.88917  0.02844  1.00631  0.012398  0.006777  0.001751    1.8244    1.6291  0.00686  0.01248  0.01125
   0.13296  0.87138  0.03359  1.02282  0.011759  0.006352  0.001770    1.8459    1.6249  0.00665  0.01203  0.01104
   0.15192  0.85319  0.03896  1.04074  0.011173  0.005925  0.001757    1.8803    1.6182  0.00642  0.01163  0.01081
   0.17124  0.83470  0.04453  1.06045  0.010649  0.005493  0.001697    1.9331    1.6081  0.00618  0.01129  0.01053
   0.19072  0.81605  0.05018  1.08180  0.010250  0.005061  0.001555    2.0191    1.5929  0.00592  0.01109  0.01021
   0.21012  0.79749  0.05583  1.10581  0.009986  0.004617  0.001314    2.1565    1.5719  0.00565  0.01104  0.00981
   0.22926  0.77917  0.06134  1.13360  0.009963  0.004144  0.000935    2.3969    1.5439  0.00533  0.01129  0.00932
   0.24804  0.76115  0.06665  1.17001  0.010202  0.003577  0.000447    2.8438    1.5142  0.00490  0.01194  0.00868
   0.26640  0.74349  0.07169  1.22533  0.010639  0.002797  0.000009    3.7924    1.5118  0.00420  0.01304  0.00778
   0.28437  0.72617  0.07643  1.29566  0.011121  0.001916 -0.000175    5.7886    1.5462  0.00322  0.01441  0.00644
   0.30207  0.70903  0.08088  1.37704  0.011372  0.001018 -0.000298   11.1430    1.5901  0.00193  0.01566  0.00423
   0.31960  0.69200  0.08506  1.37835  0.011327  0.001007 -0.000302   11.2239    1.5911  0.00191  0.01561  0.00419
   0.33700  0.67505  0.08898  1.37929  0.010944  0.000999 -0.000305   10.9259    1.5874  0.00190  0.01509  0.00416
   0.35431  0.65814  0.09265  1.38004  0.010364  0.000993 -0.000309   10.4037    1.5808  0.00189  0.01430  0.00413
   0.37153  0.64126  0.09608  1.38075  0.009673  0.000989 -0.000313    9.7555    1.5729  0.00189  0.01336  0.00409
   0.38871  0.62438  0.09926  1.38151  0.008927  0.000984 -0.000318    9.0464    1.5646  0.00188  0.01233  0.00406
   0.40588  0.60746  0.10219  1.38241  0.008163  0.000979 -0.000325    8.3172    1.5564  0.00187  0.01128  0.00402
   0.42306  0.59050  0.10489  1.38357  0.007405  0.000972 -0.000335    7.5962    1.5488  0.00186  0.01025  0.00399
   0.44027  0.57347  0.10736  1.38509  0.006672  0.000964 -0.000347    6.9030    1.5422  0.00185  0.00924  0.00395
   0.45752  0.55636  0.10960  1.38710  0.005979  0.000953 -0.000365    6.2521    1.5367  0.00183  0.00829  0.00391
   0.47481  0.53919  0.11162  1.38977  0.005335  0.000941 -0.000384    5.6543    1.5325  0.00182  0.00741  0.00387
   0.49215  0.52194  0.11342  1.39324  0.004749  0.000925 -0.000389    5.1159    1.5297  0.00180  0.00662  0.00383
   0.50952  0.50464  0.11501  1.39766  0.004222  0.000907 -0.000355    4.6399    1.5283  0.00177  0.00590  0.00378
   0.52690  0.48732  0.11638  1.40305  0.003760  0.000886 -0.000244    4.2282    1.5280  0.00174  0.00528  0.00374
   0.54427  0.46998  0.11753  1.40925  0.003365  0.000863 -0.000042    3.8824    1.5284  0.00171  0.00474  0.00369
   0.56166  0.45262  0.11846  1.41645  0.003029  0.000838  0.000242    3.6002    1.5304  0.00168  0.00429  0.00365
   0.57892  0.43538  0.11919  1.42469  0.002726  0.000810  0.000629    3.3506    1.5347  0.00164  0.00388  0.00360
   0.59608  0.41822  0.11964  1.43270  0.002535  0.000783  0.000908    3.2230    1.5381  0.00161  0.00363  0.00354
   0.61344  0.40087  0.11986  1.44039  0.002403  0.000758  0.001096    3.1575    1.5403  0.00157  0.00346  0.00349
   0.63066  0.38365  0.11993  1.45005  0.002183  0.000727  0.001622    2.9896    1.5474  0.00153  0.00317  0.00343
   0.64759  0.36672  0.11973  1.45781  0.002053  0.000701  0.001943    2.9148    1.5513  0.00149  0.00299  0.00337
   0.66457  0.34974  0.11927  1.46433  0.001967  0.000678  0.002119    2.8879    1.5529  0.00145  0.00288  0.00331
   0.68147  0.33286  0.11860  1.47189  0.001850  0.000652  0.002475    2.8238    1.5569  0.00141  0.00272  0.00324
   0.69818  0.31617  0.11769  1.47856  0.001754  0.000628  0.002788    2.7782    1.5600  0.00137  0.00259  0.00317
   0.71476  0.29963  0.11654  1.48459  0.001667  0.000605  0.003085    2.7421    1.5627  0.00133  0.00248  0.00309
   0.73119  0.28326  0.11514  1.49002  0.001589  0.000583  0.003368    2.7134    1.5649  0.00129  0.00237  0.00302
   0.74746  0.26707  0.11349  1.49472  0.001522  0.000562  0.003602    2.6966    1.5662  0.00125  0.00227  0.00294
   0.76355  0.25109  0.11161  1.49928  0.001455  0.000540  0.003862    2.6790    1.5677  0.00121  0.00218  0.00285
   0.77942  0.23537  0.10949  1.50370  0.001386  0.000519  0.004166    2.6586    1.5694  0.00117  0.00208  0.00277
   0.79501  0.21995  0.10716  1.50777  0.001318  0.000497  0.004512    2.6361    1.5714  0.00113  0.00199  0.00268
   0.81028  0.20490  0.10459  1.51125  0.001252  0.000476  0.004886    2.6140    1.5734  0.00109  0.00189  0.00259
   0.82520  0.19024  0.10181  1.51359  0.001195  0.000457  0.005186    2.6040    1.5743  0.00105  0.00181  0.00249
   0.83974  0.17601  0.09882  1.51555  0.001140  0.000437  0.005496    2.5957    1.5751  0.00100  0.00173  0.00240
   0.85382  0.16229  0.09567  1.51738  0.001082  0.000417  0.005888    2.5818    1.5764  0.00096  0.00164  0.00230
   0.86737  0.14915  0.09236  1.51864  0.001025  0.000397  0.006334    2.5659    1.5780  0.00092  0.00156  0.00220
   0.88034  0.13664  0.08892  1.51891  0.000972  0.000379  0.006775    2.5536    1.5792  0.00087  0.00148  0.00209
   0.89268  0.12481  0.08539  1.51840  0.000920  0.000360  0.007242    2.5420    1.5804  0.00083  0.00140  0.00199
   0.90436  0.11370  0.08180  1.51717  0.000870  0.000342  0.007775    2.5279    1.5819  0.00079  0.00132  0.00189
   0.91534  0.10333  0.07818  1.51496  0.000821  0.000325  0.008386    2.5107    1.5837  0.00075  0.00124  0.00179
   0.92562  0.09371  0.07456  1.51116  0.000777  0.000309  0.008934    2.5002    1.5848  0.00071  0.00117  0.00169
   0.93521  0.08482  0.07096  1.50622  0.000738  0.000294  0.009416    2.4961    1.5853  0.00067  0.00111  0.00159
   0.94413  0.07664  0.06742  1.50103  0.000697  0.000279  0.010074    2.4831    1.5867  0.00063  0.00105  0.00150
   0.95240  0.06914  0.06394  1.49463  0.000657  0.000265  0.010811    2.4675    1.5885  0.00059  0.00098  0.00141
   0.96006  0.06227  0.06054  1.48658  0.000621  0.000252  0.011552    2.4532    1.5902  0.00056  0.00092  0.00132
   0.96717  0.05599  0.05721  1.47686  0.000588  0.000240  0.012277    2.4409    1.5916  0.00052  0.00087  0.00123
   0.97376  0.05025  0.05398  1.46561  0.000558  0.000228  0.012982    2.4307    1.5929  0.00049  0.00082  0.00114
   0.97988  0.04500  0.05082  1.45303  0.000528  0.000217  0.013743    2.4189    1.5943  0.00046  0.00077  0.00106
   0.98559  0.04019  0.04776  1.43883  0.000501  0.000207  0.014541    2.4061    1.5959  0.00043  0.00072  0.00098
   0.99090  0.03579  0.04477  1.42266  0.000477  0.000198  0.015228    2.3983    1.5969  0.00040  0.00068  0.00091
   0.99587  0.03176  0.04187  1.40500  0.000455  0.000189  0.015772    2.3968    1.5971  0.00037  0.00064  0.00084
   1.00053  0.02806  0.03904  1.38669  0.000434  0.000180  0.016404    2.3930    1.5975  0.00035  0.00060  0.00077
   1.00491  0.02466  0.03629  1.36737  0.000410  0.000172  0.017303    2.3804    1.5992  0.00032  0.00056  0.00070
   1.00902  0.02154  0.03360  1.34553  0.000389  0.000163  0.018203    2.3675    1.6009  0.00030  0.00052  0.00064
   1.01291  0.01868  0.03097  1.32089  0.000370  0.000156  0.018869    2.3621    1.6016  0.00027  0.00049  0.00058
   1.01658  0.01605  0.02841  1.29441  0.000353  0.000149  0.019313    2.3645    1.6013  0.00025  0.00046  0.00052
   1.02007  0.01364  0.02589  1.26714  0.000336  0.000142  0.019863    2.3657    1.6011  0.00023  0.00043  0.00046
   1.02338  0.01143  0.02342  1.23851  0.000318  0.000134  0.020508    2.3662    1.6010  0.00021  0.00039  0.00041
   1.02653  0.00941  0.02100  1.20799  0.000299  0.000126  0.021240    2.3669    1.6010  0.00018  0.00036  0.00036
   1.02954  0.00758  0.01861  1.17425  0.000276  0.000118  0.022871    2.3433    1.6041  0.00016  0.00032  0.00031
   1.03241  0.00595  0.01625  1.13086  0.000253  0.000110  0.025148    2.2953    1.6110  0.00014  0.00029  0.00026
   1.03516  0.00451  0.01390  1.07304  0.000240  0.000105  0.025784    2.2711    1.6146  0.00012  0.00026  0.00021
   1.03782  0.00324  0.01157  1.01087  0.000237  0.000102  0.023410    2.3233    1.6069  0.00010  0.00024  0.00017
   1.04039  0.00211  0.00927  0.96214  0.000225  0.000093  0.021416    2.4142    1.5949  0.00009  0.00022  0.00013
   1.04286  0.00114  0.00699  0.91440  0.000185  0.000079  0.026390    2.3493    1.6033  0.00007  0.00017  0.00010
   1.04523  0.00047  0.00472  0.81503  0.000156  0.000070  0.031053    2.2373    1.6198  0.00005  0.00013  0.00006
   1.04755  0.00012  0.00243  0.66237  0.000154  0.000070  0.026158    2.2100    1.6242  0.00003  0.00010  0.00003
   1.04983  0.00000  0.00015  0.51307  0.000159  0.000071  0.019022    2.2442    1.6187  0.00002  0.00008  0.00002
   1.05208  0.00005 -0.00210  0.37323  0.000150  0.000066  0.014600    2.2513    1.6176  0.00001  0.00006  0.00001
   1.05431  0.00031 -0.00431  0.21030  0.000137  0.000061  0.009158    2.2320    1.6207  0.00000  0.00003  0.00000
   1.05653  0.00089 -0.00646  0.01196  0.000125  0.000056  0.000571    2.2295    1.6211  0.00000  0.00000  0.00000
   1.05877  0.00183 -0.00850 -0.21278  0.000125  0.000056  0.010166    2.2295    1.6211  0.00000 -0.00003 -0.00000
   1.06103  0.00318 -0.01031 -0.43460  0.000127  0.000057  0.020374    2.2330    1.6205  0.00001 -0.00006 -0.00001
   1.06334  0.00491 -0.01183 -0.61987  0.000142  0.000062  0.025089    2.2715    1.6145  0.00002 -0.00009 -0.00002
   1.06570  0.00696 -0.01300 -0.73500  0.000174  0.000074  0.022938    2.3339    1.6054  0.00004 -0.00013 -0.00005
   1.06815  0.00926 -0.01385 -0.78688  0.000224  0.000092  0.017439    2.4248    1.5936  0.00006 -0.00018 -0.00007
   1.07071  0.01174 -0.01448 -0.81347  0.000267  0.000110  0.014997    2.4322    1.5927  0.00007 -0.00022 -0.00009
   1.07338  0.01437 -0.01495 -0.82749  0.000317  0.000128  0.012221    2.4809    1.5870  0.00009 -0.00026 -0.00011
   1.07620  0.01717 -0.01529 -0.83368  0.000367  0.000146  0.010220    2.5166    1.5831  0.00010 -0.00031 -0.00013
   1.07919  0.02015 -0.01555 -0.83646  0.000416  0.000164  0.008843    2.5379    1.5808  0.00011 -0.00035 -0.00015
   1.08237  0.02332 -0.01575 -0.84113  0.000449  0.000179  0.008540    2.5051    1.5843  0.00013 -0.00038 -0.00017
   1.08574  0.02669 -0.01591 -0.84951  0.000470  0.000191  0.008704    2.4538    1.5901  0.00014 -0.00040 -0.00019
   1.08935  0.03029 -0.01599 -0.85560  0.000509  0.000205  0.007915    2.4747    1.5877  0.00015 -0.00044 -0.00020
   1.09323  0.03417 -0.01597 -0.85483  0.000579  0.000225  0.006273    2.5695    1.5776  0.00016 -0.00049 -0.00022
   1.09743  0.03838 -0.01589 -0.85154  0.000647  0.000246  0.005237    2.6275    1.5721  0.00018 -0.00055 -0.00024
   1.10201  0.04295 -0.01579 -0.85164  0.000677  0.000262  0.005310    2.5761    1.5770  0.00019 -0.00058 -0.00026
   1.10700  0.04794 -0.01566 -0.85511  0.000694  0.000276  0.005581    2.5115    1.5836  0.00020 -0.00059 -0.00027
   1.11246  0.05340 -0.01547 -0.85930  0.000723  0.000290  0.005514    2.4884    1.5861  0.00021 -0.00062 -0.00029
   1.11849  0.05942 -0.01517 -0.86179  0.000774  0.000308  0.005060    2.5089    1.5839  0.00023 -0.00067 -0.00031
   1.12520  0.06612 -0.01474 -0.86027  0.000856  0.000331  0.004214    2.5809    1.5765  0.00025 -0.00074 -0.00033
   1.13274  0.07364 -0.01422 -0.85811  0.000930  0.000355  0.003735    2.6121    1.5736  0.00026 -0.00080 -0.00035
   1.14123  0.08211 -0.01363 -0.85890  0.000965  0.000376  0.003809    2.5635    1.5782  0.00028 -0.00083 -0.00038
   1.15084  0.09169 -0.01288 -0.85842  0.001033  0.000400  0.003506    2.5757    1.5770  0.00030 -0.00089 -0.00040
   1.16181  0.10262 -0.01196 -0.85696  0.001115  0.000428  0.003166    2.5972    1.5750  0.00031 -0.00096 -0.00042
   1.17425  0.11501 -0.01089 -0.85646  0.001180  0.000456  0.003035    2.5840    1.5762  0.00033 -0.00101 -0.00045
   1.18827  0.12898 -0.00962 -0.85434  0.001279  0.000489  0.002703    2.6125    1.5735  0.00036 -0.00109 -0.00048
   1.20392  0.14456 -0.00818 -0.85278  0.001362  0.000521  0.002544    2.6091    1.5738  0.00038 -0.00116 -0.00051
   1.22100  0.16157 -0.00657 -0.85082  0.001457  0.000555  0.002349    2.6179    1.5730  0.00040 -0.00124 -0.00054
   1.23930  0.17979 -0.00485 -0.84871  0.001553  0.000591  0.002177    2.6257    1.5723  0.00043 -0.00132 -0.00057
   1.25844  0.19884 -0.00305 -0.84663  0.001648  0.000626  0.002035    2.6305    1.5719  0.00045 -0.00140 -0.00060
   1.27810  0.21841 -0.00122 -0.84451  0.001743  0.000660  0.001905    2.6369    1.5713  0.00047 -0.00147 -0.00062
   1.29805  0.23828  0.00060 -0.84256  0.001833  0.000693  0.001803    2.6392    1.5711  0.00049 -0.00154 -0.00065
   1.31816  0.25832  0.00240 -0.84070  0.001920  0.000725  0.001712    2.6419    1.5709  0.00051 -0.00161 -0.00068
   1.33834  0.27842  0.00415 -0.83882  0.002007  0.000757  0.001624    2.6473    1.5704  0.00053 -0.00168 -0.00070
   1.35852  0.29852  0.00586 -0.83696  0.002093  0.000788  0.001542    2.6533    1.5699  0.00055 -0.00175 -0.00072
   1.37866  0.31860  0.00750 -0.83516  0.002176  0.000817  0.001472    2.6583    1.5694  0.00057 -0.00182 -0.00075
   1.39876  0.33864  0.00908 -0.83344  0.002256  0.000846  0.001410    2.6620    1.5691  0.00059 -0.00188 -0.00077
   1.41882  0.35863  0.01058 -0.83173  0.002335  0.000874  0.001352    2.6670    1.5687  0.00060 -0.00194 -0.00079
   1.43879  0.37855  0.01201 -0.82999  0.002416  0.000902  0.001292    2.6743    1.5681  0.00062 -0.00201 -0.00081
   1.45867  0.39840  0.01336 -0.82838  0.002490  0.000929  0.001246    2.6774    1.5678  0.00064 -0.00206 -0.00083
   1.47849  0.41817  0.01461 -0.82690  0.002560  0.000954  0.001209    2.6783    1.5677  0.00065 -0.00212 -0.00085
   1.49824  0.43788  0.01577 -0.82555  0.002625  0.000979  0.001178    2.6775    1.5678  0.00067 -0.00217 -0.00086
   1.51791  0.45752  0.01683 -0.82429  0.002688  0.001003  0.001151    2.6762    1.5679  0.00068 -0.00222 -0.00088
   1.53749  0.47708  0.01780 -0.82312  0.002748  0.001026  0.001127    2.6742    1.5681  0.00070 -0.00226 -0.00090
   1.55697  0.49655  0.01865 -0.82218  0.002799  0.001048  0.001114    2.6677    1.5686  0.00071 -0.00230 -0.00091
   1.57639  0.51595  0.01938 -0.82157  0.002837  0.001067  0.001115    2.6544    1.5698  0.00072 -0.00233 -0.00093
   1.59576  0.53532  0.01999 -0.82129  0.002864  0.001085  0.001129    2.6360    1.5714  0.00073 -0.00235 -0.00094
   1.61511  0.55465  0.02048 -0.82138  0.002881  0.001101  0.001152    2.6134    1.5734  0.00074 -0.00237 -0.00096
   1.63445  0.57399  0.02086 -0.82163  0.002899  0.001116  0.001172    2.5937    1.5753  0.00075 -0.00238 -0.00097
   1.65362  0.59316  0.02114 -0.82152  0.002939  0.001133  0.001161    2.5896    1.5757  0.00076 -0.00241 -0.00099
   1.67272  0.61226  0.02124 -0.82322  0.002898  0.001139  0.001248    2.5395    1.5807  0.00077 -0.00239 -0.00100
   1.69196  0.63150  0.02127 -0.82427  0.002905  0.001151  0.001272    2.5208    1.5826  0.00078 -0.00239 -0.00102
   1.71104  0.65058  0.02121 -0.82472  0.002943  0.001165  0.001256    2.5212    1.5826  0.00079 -0.00243 -0.00103
   1.73024  0.66977  0.02098 -0.82702  0.002902  0.001169  0.001337    2.4786    1.5872  0.00080 -0.00240 -0.00105
   1.74957  0.68911  0.02065 -0.82885  0.002897  0.001176  0.001370    2.4586    1.5895  0.00081 -0.00240 -0.00106
   1.76889  0.70842  0.02020 -0.83100  0.002886  0.001182  0.001410    2.4372    1.5921  0.00082 -0.00240 -0.00108
   1.78824  0.72776  0.01965 -0.83339  0.002874  0.001187  0.001450    2.4167    1.5946  0.00082 -0.00240 -0.00110
   1.80758  0.74709  0.01898 -0.83600  0.002861  0.001191  0.001490    2.3974    1.5970  0.00083 -0.00239 -0.00111
   1.82691  0.76640  0.01820 -0.83884  0.002846  0.001194  0.001531    2.3787    1.5994  0.00084 -0.00239 -0.00113
   1.84620  0.78567  0.01730 -0.84199  0.002826  0.001196  0.001577    2.3593    1.6020  0.00085 -0.00238 -0.00114
   1.86547  0.80491  0.01629 -0.84567  0.002796  0.001195  0.001637    2.3361    1.6051  0.00085 -0.00236 -0.00116
   1.88471  0.82412  0.01515 -0.84973  0.002764  0.001193  0.001702    2.3132    1.6084  0.00086 -0.00235 -0.00118
   1.90387  0.84325  0.01391 -0.85429  0.002724  0.001188  0.001775    2.2889    1.6119  0.00087 -0.00233 -0.00119
   1.92295  0.86227  0.01256 -0.85945  0.002678  0.001181  0.001861    2.2629    1.6158  0.00087 -0.00230 -0.00121
   1.94182  0.88109  0.01113 -0.86508  0.002629  0.001173  0.001953    2.2376    1.6198  0.00088 -0.00227 -0.00123
   1.96036  0.89957  0.00962 -0.87118  0.002578  0.001163  0.002050    2.2130    1.6237  0.00088 -0.00225 -0.00125
   1.97837  0.91751  0.00808 -0.87780  0.002523  0.001151  0.002158    2.1882    1.6279  0.00089 -0.00221 -0.00127
   1.99557  0.93464  0.00653 -0.88471  0.002468  0.001138  0.002268    2.1652    1.6319  0.00089 -0.00218 -0.00129
   2.01168  0.95069  0.00502 -0.89192  0.002411  0.001123  0.002386    2.1423    1.6359  0.00089 -0.00215 -0.00130
   2.02645  0.96539  0.00358 -0.89930  0.002354  0.001108  0.002513    2.1198    1.6401  0.00090 -0.00212 -0.00132
   2.03975  0.97861  0.00223 -0.90767  0.002277  0.001087  0.002689    2.0894    1.6459  0.00090 -0.00207 -0.00134
   2.05156  0.99036  0.00101 -0.91641  0.002197  0.001065  0.002884    2.0585    1.6520  0.00089 -0.00201 -0.00135
   2.06065  0.99940  0.00006 -0.91712  0.002260  0.001077  0.002728    2.0938    1.6284  0.00091 -0.00207 -0.00135
   2.06065  0.99980  0.00002  0.91712  0.020357  0.010844  0.000000    1.8731
   2.06970  1.00875 -0.00132  0.92221  0.019051  0.010617  0.000000    1.7903
   2.07997  1.01891 -0.00280  0.92506  0.018179  0.010494  0.000000    1.7281
   2.09160  1.03044 -0.00437  0.92804  0.017343  0.010370  0.000000    1.6682
   2.10478  1.04352 -0.00604  0.93121  0.016536  0.010243  0.000000    1.6104
   2.11973  1.05836 -0.00782  0.93463  0.015756  0.010109  0.000000    1.5545
   2.13667  1.07519 -0.00971  0.93828  0.015006  0.009971  0.000000    1.5009
   2.15587  1.09428 -0.01173  0.94213  0.014293  0.009830  0.000000    1.4499
   2.17763  1.11594 -0.01388  0.94612  0.013620  0.009690  0.000000    1.4017
   2.20230  1.14050 -0.01614  0.95016  0.012994  0.009551  0.000000    1.3565
   2.23026  1.16836 -0.01852  0.95419  0.012416  0.009417  0.000000    1.3144
   2.26194  1.19995 -0.02102  0.95816  0.011887  0.009290  0.000000    1.2756
   2.29786  1.23577 -0.02361  0.96200  0.011407  0.009170  0.000000    1.2400
   2.33857  1.27639 -0.02629  0.96568  0.010974  0.009058  0.000000    1.2076
   2.38471  1.32245 -0.02904  0.96918  0.010587  0.008954  0.000000    1.1784
   2.43701  1.37468 -0.03183  0.97246  0.010243  0.008859  0.000000    1.1523
   2.49629  1.43389 -0.03462  0.97552  0.009941  0.008772  0.000000    1.1293
   2.56348  1.50102 -0.03739  0.97836  0.009677  0.008693  0.000000    1.1093
   2.63963  1.57712 -0.04007  0.98097  0.009449  0.008622  0.000000    1.0920
   2.72594  1.66340 -0.04263  0.98334  0.009253  0.008558  0.000000    1.0772
   2.82378  1.76120 -0.04498  0.98548  0.009086  0.008501  0.000000    1.0648
   2.93466  1.87207 -0.04707  0.98739  0.008945  0.008451  0.000000    1.0545
   3.06035  1.99774 -0.04879  0.98948  0.008815  0.008396  0.000000    1.0458
