#    s        x        y     Ue/Vinf    Dstar     Theta      Cf       H       H*        P         m          K          tau         Di
   0.00000  1.00000  0.00000  0.90114  0.012804  0.007883  0.001645    1.6204    1.6773  0.00640  0.01154  0.00968
   0.00806  0.99208  0.00149  0.91174  0.012071  0.007549  0.001775    1.5950    1.6858  0.00628  0.01101  0.00965
   0.01925  0.98108  0.00354  0.92054  0.011545  0.007282  0.001865    1.5815    1.6906  0.00617  0.01063  0.00960
   0.03224  0.96831  0.00594  0.92813  0.011144  0.007057  0.001930    1.5751    1.6929  0.00608  0.01034  0.00955
   0.04654  0.95429  0.00873  0.93710  0.010691  0.006803  0.002008    1.5673    1.6958  0.00597  0.01002  0.00949
   0.06160  0.93954  0.01180  0.94643  0.010251  0.006550  0.002087    1.5608    1.6983  0.00587  0.00970  0.00943
   0.07708  0.92442  0.01508  0.95607  0.009828  0.006301  0.002167    1.5555    1.7004  0.00576  0.00940  0.00936
   0.09272  0.90916  0.01854  0.96604  0.009416  0.006055  0.002248    1.5509    1.7023  0.00565  0.00910  0.00929
   0.10848  0.89382  0.02215  0.97651  0.009011  0.005809  0.002333    1.5468    1.7040  0.00554  0.00880  0.00922
   0.12429  0.87847  0.02590  0.98759  0.008609  0.005563  0.002423    1.5431    1.7057  0.00543  0.00850  0.00914
   0.14018  0.86306  0.02981  0.99941  0.008206  0.005314  0.002520    1.5396    1.7073  0.00531  0.00820  0.00906
   0.15611  0.84764  0.03384  1.01192  0.007809  0.005066  0.002621    1.5368    1.7087  0.00519  0.00790  0.00897
   0.17215  0.83216  0.03800  1.02541  0.007410  0.004814  0.002732    1.5343    1.7100  0.00506  0.00760  0.00888
   0.18826  0.81663  0.04228  1.03954  0.007026  0.004566  0.002842    1.5335    1.7107  0.00493  0.00730  0.00878
   0.20446  0.80104  0.04668  1.05469  0.006647  0.004318  0.002958    1.5340    1.7110  0.00480  0.00701  0.00867
   0.22077  0.78536  0.05117  1.07072  0.006282  0.004073  0.003071    1.5370    1.7105  0.00467  0.00673  0.00855
   0.23718  0.76960  0.05576  1.08747  0.005940  0.003834  0.003172    1.5437    1.7087  0.00453  0.00646  0.00843
   0.25366  0.75379  0.06040  1.10488  0.005627  0.003603  0.003250    1.5558    1.7051  0.00440  0.00622  0.00829
   0.27018  0.73795  0.06510  1.12307  0.005342  0.003379  0.003295    1.5752    1.6992  0.00426  0.00600  0.00813
   0.28674  0.72208  0.06984  1.14244  0.005085  0.003157  0.003293    1.6044    1.6903  0.00412  0.00581  0.00796
   0.30330  0.70621  0.07457  1.16247  0.004881  0.002945  0.003199    1.6511    1.6766  0.00398  0.00567  0.00776
   0.31976  0.69043  0.07926  1.18278  0.004764  0.002745  0.002950    1.7285    1.6555  0.00384  0.00563  0.00752
   0.33606  0.67479  0.08384  1.20406  0.004768  0.002551  0.002479    1.8619    1.6236  0.00370  0.00574  0.00723
   0.35216  0.65932  0.08830  1.22918  0.004955  0.002339  0.001726    2.1105    1.5780  0.00353  0.00609  0.00685
   0.36804  0.64403  0.09259  1.26745  0.005390  0.002040  0.000754    2.6326    1.5237  0.00328  0.00683  0.00633
   0.38369  0.62893  0.09669  1.34100  0.006042  0.001512 -0.000034    3.9833    1.5177  0.00272  0.00810  0.00553
   0.39911  0.61401  0.10057  1.43348  0.006611  0.000911 -0.000201    7.2374    1.5667  0.00187  0.00948  0.00420
   0.41431  0.59925  0.10420  1.47660  0.006801  0.000666 -0.000265   10.1838    1.5781  0.00145  0.01004  0.00338
   0.42933  0.58461  0.10757  1.47792  0.006623  0.000660 -0.000268   10.0104    1.5760  0.00144  0.00979  0.00336
   0.44423  0.57004  0.11068  1.47884  0.006229  0.000656 -0.000272    9.4703    1.5695  0.00143  0.00921  0.00333
   0.45906  0.55548  0.11353  1.47967  0.005729  0.000653 -0.000277    8.7515    1.5612  0.00143  0.00848  0.00330
   0.47387  0.54089  0.11611  1.48062  0.005184  0.000649 -0.000284    7.9597    1.5526  0.00142  0.00768  0.00327
   0.48871  0.52625  0.11845  1.48185  0.004631  0.000645 -0.000295    7.1553    1.5445  0.00142  0.00686  0.00324
   0.50359  0.51152  0.12055  1.48358  0.004088  0.000639 -0.000309    6.3714    1.5376  0.00141  0.00607  0.00321
   0.51850  0.49672  0.12242  1.48605  0.003574  0.000632 -0.000328    5.6333    1.5324  0.00140  0.00531  0.00318
   0.53342  0.48189  0.12405  1.48953  0.003101  0.000622 -0.000326    4.9633    1.5291  0.00138  0.00462  0.00315
   0.54834  0.46703  0.12544  1.49429  0.002690  0.000610 -0.000252    4.3894    1.5280  0.00136  0.00402  0.00311
   0.56331  0.45211  0.12661  1.50021  0.002339  0.000596 -0.000051    3.9070    1.5283  0.00134  0.00351  0.00308
   0.57821  0.43725  0.12754  1.50765  0.002041  0.000579  0.000299    3.5080    1.5317  0.00132  0.00308  0.00304
   0.59299  0.42248  0.12820  1.51605  0.001837  0.000561  0.000657    3.2605    1.5370  0.00129  0.00278  0.00300
   0.60793  0.40755  0.12860  1.52371  0.001724  0.000544  0.000872    3.1546    1.5404  0.00126  0.00263  0.00296
   0.62305  0.39242  0.12880  1.53191  0.001607  0.000526  0.001149    3.0410    1.5450  0.00123  0.00246  0.00292
   0.63807  0.37740  0.12880  1.54056  0.001488  0.000507  0.001512    2.9181    1.5512  0.00120  0.00229  0.00288
   0.65297  0.36251  0.12855  1.54800  0.001399  0.000490  0.001812    2.8379    1.5560  0.00117  0.00217  0.00283
   0.66787  0.34761  0.12805  1.55410  0.001334  0.000475  0.002028    2.7923    1.5590  0.00115  0.00207  0.00278
   0.68283  0.33267  0.12731  1.55930  0.001283  0.000461  0.002188    2.7669    1.5608  0.00112  0.00200  0.00273
   0.69779  0.31774  0.12634  1.56468  0.001227  0.000447  0.002397    2.7329    1.5634  0.00109  0.00192  0.00268
   0.71269  0.30289  0.12514  1.56969  0.001174  0.000432  0.002617    2.7005    1.5659  0.00107  0.00184  0.00262
   0.72756  0.28809  0.12370  1.57400  0.001127  0.000419  0.002818    2.6760    1.5679  0.00104  0.00177  0.00256
   0.74239  0.27335  0.12203  1.57796  0.001080  0.000405  0.003035    2.6515    1.5700  0.00101  0.00170  0.00250
   0.75717  0.25870  0.12010  1.58123  0.001038  0.000392  0.003234    2.6332    1.5716  0.00098  0.00164  0.00244
   0.77191  0.24412  0.11793  1.58380  0.001000  0.000379  0.003403    2.6228    1.5726  0.00095  0.00158  0.00237
   0.78661  0.22963  0.11551  1.58630  0.000961  0.000366  0.003603    2.6093    1.5738  0.00092  0.00152  0.00230
   0.80123  0.21525  0.11284  1.58851  0.000921  0.000353  0.003833    2.5938    1.5753  0.00089  0.00146  0.00223
   0.81576  0.20102  0.10993  1.59026  0.000881  0.000340  0.004088    2.5772    1.5769  0.00086  0.00140  0.00216
   0.83018  0.18695  0.10675  1.59136  0.000841  0.000327  0.004367    2.5601    1.5786  0.00083  0.00134  0.00208
   0.84450  0.17305  0.10331  1.59115  0.000807  0.000314  0.004572    2.5555    1.5790  0.00080  0.00128  0.00200
   0.85874  0.15930  0.09960  1.59060  0.000773  0.000301  0.004790    2.5520    1.5794  0.00076  0.00123  0.00192
   0.87283  0.14578  0.09563  1.59021  0.000734  0.000288  0.005130    2.5368    1.5809  0.00073  0.00117  0.00183
   0.88672  0.13255  0.09140  1.58871  0.000696  0.000274  0.005497    2.5220    1.5825  0.00069  0.00111  0.00174
   0.90042  0.11960  0.08691  1.58556  0.000661  0.000261  0.005794    2.5182    1.5829  0.00066  0.00105  0.00165
   0.91391  0.10699  0.08215  1.58196  0.000625  0.000248  0.006185    2.5086    1.5839  0.00062  0.00099  0.00155
   0.92707  0.09480  0.07717  1.57724  0.000586  0.000234  0.006677    2.4937    1.5856  0.00058  0.00092  0.00145
   0.93988  0.08310  0.07196  1.57027  0.000551  0.000220  0.007099    2.4893    1.5861  0.00054  0.00087  0.00135
   0.95224  0.07197  0.06658  1.56223  0.000515  0.000206  0.007650    2.4789    1.5872  0.00050  0.00080  0.00125
   0.96401  0.06157  0.06109  1.55213  0.000478  0.000193  0.008276    2.4675    1.5885  0.00046  0.00074  0.00115
   0.97505  0.05200  0.05558  1.53958  0.000445  0.000180  0.008874    2.4627    1.5891  0.00043  0.00068  0.00104
   0.98521  0.04339  0.05017  1.52548  0.000410  0.000166  0.009678    2.4489    1.5907  0.00039  0.00063  0.00094
   0.99438  0.03584  0.04497  1.50843  0.000378  0.000154  0.010516    2.4365    1.5922  0.00035  0.00057  0.00084
   1.00252  0.02934  0.04007  1.48886  0.000352  0.000143  0.011056    2.4444    1.5912  0.00032  0.00052  0.00075
   1.00964  0.02384  0.03555  1.46994  0.000321  0.000132  0.012197    2.4239    1.5937  0.00029  0.00047  0.00067
   1.01584  0.01924  0.03140  1.44704  0.000295  0.000122  0.013265    2.4085    1.5956  0.00026  0.00043  0.00059
   1.02123  0.01540  0.02761  1.42122  0.000275  0.000113  0.013982    2.4104    1.5954  0.00023  0.00039  0.00052
   1.02594  0.01220  0.02415  1.39502  0.000253  0.000105  0.015179    2.3941    1.5974  0.00020  0.00035  0.00046
   1.03008  0.00955  0.02097  1.36488  0.000232  0.000097  0.016432    2.3755    1.5998  0.00018  0.00032  0.00040
   1.03376  0.00733  0.01804  1.33072  0.000217  0.000091  0.016988    2.3834    1.5988  0.00016  0.00029  0.00034
   1.03705  0.00548  0.01532  1.29822  0.000205  0.000084  0.016918    2.4229    1.5938  0.00014  0.00027  0.00029
   1.04000  0.00395  0.01279  1.26947  0.000182  0.000076  0.019099    2.3947    1.5973  0.00012  0.00023  0.00025
   1.04267  0.00272  0.01043  1.22739  0.000160  0.000069  0.022675    2.3204    1.6073  0.00010  0.00020  0.00020
   1.04513  0.00176  0.00817  1.16104  0.000147  0.000064  0.024298    2.2783    1.6135  0.00009  0.00017  0.00016
   1.04741  0.00103  0.00600  1.08215  0.000141  0.000061  0.023353    2.2887    1.6119  0.00007  0.00015  0.00013
   1.04953  0.00050  0.00395  1.00830  0.000135  0.000058  0.021823    2.3334    1.6055  0.00006  0.00014  0.00009
   1.05147  0.00015  0.00204  0.93688  0.000120  0.000052  0.023208    2.3132    1.6084  0.00005  0.00011  0.00007
   1.05329  0.00000  0.00023  0.84398  0.000107  0.000047  0.024131    2.2848    1.6125  0.00003  0.00009  0.00005
   1.05507  0.00008 -0.00155  0.71918  0.000096  0.000042  0.023175    2.2653    1.6154  0.00002  0.00007  0.00003
   1.05688  0.00044 -0.00333  0.55533  0.000088  0.000039  0.019872    2.2521    1.6175  0.00001  0.00005  0.00001
   1.05876  0.00114 -0.00506  0.34477  0.000084  0.000038  0.013297    2.2147    1.6235  0.00000  0.00003  0.00000
   1.06071  0.00222 -0.00670  0.12585  0.000092  0.000041  0.004375    2.2295    1.6211  0.00000  0.00001  0.00000
   1.06275  0.00364 -0.00816 -0.07631  0.000092  0.000041  0.002652    2.2295    1.6211  0.00000 -0.00001 -0.00000
   1.06492  0.00540 -0.00942 -0.24535  0.000110  0.000049  0.006950    2.2587    1.6165  0.00000 -0.00003 -0.00000
   1.06724  0.00748 -0.01046 -0.36731  0.000129  0.000057  0.008777    2.2679    1.6150  0.00001 -0.00005 -0.00000
   1.06979  0.00988 -0.01131 -0.44920  0.000159  0.000068  0.008300    2.3231    1.6069  0.00001 -0.00007 -0.00001
   1.07261  0.01260 -0.01204 -0.50868  0.000184  0.000079  0.008230    2.3108    1.6087  0.00002 -0.00009 -0.00002
   1.07577  0.01570 -0.01268 -0.55529  0.000213  0.000091  0.007510    2.3423    1.6043  0.00003 -0.00012 -0.00002
   1.07936  0.01924 -0.01326 -0.59674  0.000236  0.000101  0.007429    2.3245    1.6067  0.00004 -0.00014 -0.00003
   1.08349  0.02334 -0.01376 -0.63050  0.000270  0.000114  0.006589    2.3659    1.6011  0.00005 -0.00017 -0.00005
   1.08835  0.02818 -0.01419 -0.65398  0.000314  0.000130  0.005620    2.4102    1.5954  0.00006 -0.00021 -0.00006
   1.09414  0.03396 -0.01459 -0.68354  0.000331  0.000141  0.006014    2.3339    1.6054  0.00007 -0.00023 -0.00007
   1.10102  0.04083 -0.01488 -0.70971  0.000374  0.000157  0.005252    2.3840    1.5987  0.00008 -0.00027 -0.00009
   1.10944  0.04926 -0.01498 -0.71873  0.000464  0.000184  0.003717    2.5218    1.5825  0.00009 -0.00033 -0.00011
   1.11978  0.05959 -0.01506 -0.73799  0.000476  0.000200  0.004336    2.3733    1.6001  0.00011 -0.00035 -0.00013
   1.13168  0.07149 -0.01501 -0.76139  0.000514  0.000217  0.004162    2.3686    1.6007  0.00013 -0.00039 -0.00015
   1.14513  0.08493 -0.01469 -0.77048  0.000615  0.000246  0.003096    2.4955    1.5854  0.00015 -0.00047 -0.00018
   1.15981  0.09961 -0.01424 -0.78253  0.000648  0.000267  0.003204    2.4272    1.5933  0.00016 -0.00051 -0.00020
   1.17522  0.11501 -0.01363 -0.79046  0.000720  0.000291  0.002793    2.4678    1.5885  0.00018 -0.00057 -0.00023
   1.19114  0.13091 -0.01291 -0.79823  0.000769  0.000313  0.002676    2.4557    1.5899  0.00020 -0.00061 -0.00025
   1.20731  0.14706 -0.01210 -0.80345  0.000832  0.000335  0.002430    2.4783    1.5873  0.00022 -0.00067 -0.00028
   1.22369  0.16341 -0.01122 -0.80842  0.000881  0.000356  0.002315    2.4752    1.5876  0.00023 -0.00071 -0.00030
   1.24016  0.17986 -0.01029 -0.81200  0.000938  0.000376  0.002155    2.4885    1.5861  0.00025 -0.00076 -0.00032
   1.25676  0.19643 -0.00932 -0.81517  0.000988  0.000396  0.002046    2.4922    1.5857  0.00026 -0.00081 -0.00034
   1.27340  0.21304 -0.00832 -0.81786  0.001037  0.000415  0.001947    2.4963    1.5853  0.00028 -0.00085 -0.00036
   1.29009  0.22971 -0.00730 -0.81999  0.001086  0.000433  0.001849    2.5033    1.5845  0.00029 -0.00089 -0.00038
   1.30684  0.24642 -0.00627 -0.82180  0.001134  0.000451  0.001766    2.5085    1.5839  0.00030 -0.00093 -0.00040
   1.32361  0.26316 -0.00524 -0.82334  0.001180  0.000469  0.001692    2.5128    1.5835  0.00032 -0.00097 -0.00041
   1.34039  0.27990 -0.00420 -0.82463  0.001225  0.000486  0.001625    2.5173    1.5830  0.00033 -0.00101 -0.00043
   1.35715  0.29664 -0.00317 -0.82568  0.001270  0.000503  0.001561    2.5222    1.5825  0.00034 -0.00105 -0.00045
   1.37389  0.31335 -0.00214 -0.82650  0.001314  0.000519  0.001501    2.5278    1.5819  0.00035 -0.00109 -0.00046
   1.39061  0.33003 -0.00113 -0.82712  0.001358  0.000535  0.001444    2.5336    1.5813  0.00037 -0.00112 -0.00048
   1.40730  0.34669 -0.00014 -0.82762  0.001401  0.000551  0.001394    2.5382    1.5808  0.00038 -0.00116 -0.00049
   1.42396  0.36333  0.00084 -0.82806  0.001442  0.000566  0.001350    2.5414    1.5805  0.00039 -0.00119 -0.00051
   1.44062  0.37996  0.00179 -0.82838  0.001482  0.000581  0.001309    2.5451    1.5801  0.00040 -0.00123 -0.00052
   1.45725  0.39657  0.00273 -0.82851  0.001525  0.000597  0.001263    2.5515    1.5794  0.00041 -0.00126 -0.00054
   1.47385  0.41314  0.00363 -0.82861  0.001565  0.000611  0.001226    2.5555    1.5790  0.00042 -0.00130 -0.00055
   1.49043  0.42969  0.00450 -0.82873  0.001602  0.000625  0.001195    2.5572    1.5789  0.00043 -0.00133 -0.00056
   1.50700  0.44624  0.00533 -0.82882  0.001639  0.000639  0.001166    2.5588    1.5787  0.00044 -0.00136 -0.00057
   1.52356  0.46278  0.00614 -0.82886  0.001675  0.000653  0.001138    2.5612    1.5785  0.00045 -0.00139 -0.00059
   1.54009  0.47930  0.00690 -0.82879  0.001713  0.000667  0.001108    2.5652    1.5781  0.00046 -0.00142 -0.00060
   1.55659  0.49578  0.00763 -0.82863  0.001752  0.000681  0.001077    2.5701    1.5776  0.00047 -0.00145 -0.00061
   1.57304  0.51222  0.00830 -0.82858  0.001785  0.000693  0.001056    2.5707    1.5775  0.00048 -0.00148 -0.00062
   1.58947  0.52863  0.00892 -0.82868  0.001815  0.000706  0.001043    2.5675    1.5778  0.00048 -0.00150 -0.00063
   1.60589  0.54504  0.00949 -0.82890  0.001840  0.000717  0.001035    2.5619    1.5784  0.00049 -0.00153 -0.00064
   1.62230  0.56145  0.01000 -0.82923  0.001864  0.000728  0.001030    2.5553    1.5790  0.00050 -0.00155 -0.00066
   1.63870  0.57784  0.01046 -0.82962  0.001886  0.000739  0.001025    2.5489    1.5797  0.00051 -0.00156 -0.00067
   1.65508  0.59421  0.01086 -0.83009  0.001907  0.000749  0.001022    2.5424    1.5804  0.00052 -0.00158 -0.00068
   1.67143  0.61056  0.01119 -0.83080  0.001923  0.000758  0.001027    2.5316    1.5815  0.00052 -0.00160 -0.00069
   1.68779  0.62692  0.01146 -0.83171  0.001934  0.000767  0.001036    2.5188    1.5828  0.00053 -0.00161 -0.00070
   1.70416  0.64329  0.01167 -0.83274  0.001945  0.000775  0.001046    2.5063    1.5842  0.00054 -0.00162 -0.00071
   1.72052  0.65965  0.01182 -0.83389  0.001954  0.000782  0.001056    2.4944    1.5855  0.00054 -0.00163 -0.00072
   1.73688  0.67601  0.01190 -0.83529  0.001959  0.000789  0.001071    2.4798    1.5871  0.00055 -0.00164 -0.00073
   1.75329  0.69242  0.01193 -0.83684  0.001963  0.000795  0.001087    2.4656    1.5887  0.00056 -0.00164 -0.00074
   1.76969  0.70882  0.01190 -0.83815  0.001976  0.000802  0.001088    2.4598    1.5894  0.00056 -0.00166 -0.00075
   1.78605  0.72517  0.01182 -0.83956  0.001987  0.000809  0.001092    2.4528    1.5902  0.00057 -0.00167 -0.00076
   1.80239  0.74152  0.01167 -0.84123  0.001991  0.000814  0.001104    2.4417    1.5915  0.00058 -0.00167 -0.00077
   1.81876  0.75789  0.01145 -0.84307  0.001993  0.000819  0.001119    2.4297    1.5930  0.00058 -0.00168 -0.00078
   1.83512  0.77424  0.01118 -0.84481  0.002000  0.000824  0.001126    2.4224    1.5939  0.00059 -0.00169 -0.00079
   1.85143  0.79055  0.01084 -0.84668  0.002005  0.000829  0.001136    2.4136    1.5950  0.00059 -0.00170 -0.00080
   1.86774  0.80685  0.01043 -0.84892  0.002001  0.000833  0.001157    2.3998    1.5967  0.00060 -0.00170 -0.00081
   1.88405  0.82316  0.00996 -0.85132  0.001997  0.000835  0.001179    2.3861    1.5984  0.00061 -0.00170 -0.00082
   1.90033  0.83943  0.00941 -0.85385  0.001992  0.000838  0.001201    2.3730    1.6001  0.00061 -0.00170 -0.00083
   1.91661  0.85570  0.00879 -0.85687  0.001977  0.000838  0.001236    2.3545    1.6026  0.00062 -0.00169 -0.00085
   1.93288  0.87195  0.00810 -0.85998  0.001966  0.000839  0.001267    2.3389    1.6047  0.00062 -0.00169 -0.00086
   1.94912  0.88817  0.00734 -0.86361  0.001946  0.000838  0.001310    2.3188    1.6076  0.00062 -0.00168 -0.00087
   1.96533  0.90436  0.00650 -0.86767  0.001922  0.000835  0.001360    2.2971    1.6107  0.00063 -0.00167 -0.00088
   1.98149  0.92050  0.00559 -0.87231  0.001892  0.000831  0.001421    2.2726    1.6143  0.00063 -0.00165 -0.00089
   1.99747  0.93644  0.00462 -0.87721  0.001864  0.000827  0.001481    2.2505    1.6177  0.00064 -0.00163 -0.00090
   2.01304  0.95199  0.00360 -0.88263  0.001830  0.000820  0.001551    2.2264    1.6216  0.00064 -0.00161 -0.00091
   2.02781  0.96672  0.00256 -0.88890  0.001785  0.000811  0.001644    2.1965    1.6265  0.00064 -0.00159 -0.00093
   2.04115  0.98002  0.00156 -0.89685  0.001715  0.000796  0.001795    2.1517    1.6343  0.00064 -0.00154 -0.00094
   2.05250  0.99134  0.00068 -0.90427  0.001659  0.000782  0.001926    2.1175    1.6405  0.00064 -0.00150 -0.00095
   2.06059  0.99940  0.00005 -0.90114  0.001759  0.000802  0.001703    2.1884    1.6107  0.00065 -0.00158 -0.00095
   2.06059  0.99980  0.00001  0.90114  0.014594  0.008685  0.000000    1.6766
   2.06866  1.00781 -0.00097  0.91004  0.013581  0.008379  0.000000    1.6169
   2.07787  1.01696 -0.00204  0.91513  0.012987  0.008213  0.000000    1.5774
   2.08840  1.02743 -0.00317  0.91991  0.012445  0.008062  0.000000    1.5397
   2.10042  1.03939 -0.00438  0.92450  0.011941  0.007923  0.000000    1.5032
   2.11415  1.05306 -0.00566  0.92901  0.011462  0.007789  0.000000    1.4675
   2.12984  1.06868 -0.00702  0.93347  0.011005  0.007662  0.000000    1.4324
   2.14775  1.08654 -0.00847  0.93789  0.010569  0.007540  0.000000    1.3979
   2.16821  1.10694 -0.00999  0.94225  0.010155  0.007422  0.000000    1.3642
   2.19157  1.13025 -0.01159  0.94655  0.009762  0.007310  0.000000    1.3315
   2.21826  1.15688 -0.01325  0.95075  0.009392  0.007204  0.000000    1.2998
   2.24873  1.18731 -0.01495  0.95485  0.009044  0.007103  0.000000    1.2694
   2.28354  1.22208 -0.01667  0.95881  0.008720  0.007008  0.000000    1.2404
   2.32330  1.26180 -0.01839  0.96262  0.008420  0.006919  0.000000    1.2130
   2.36870  1.30717 -0.02007  0.96626  0.008144  0.006836  0.000000    1.1874
   2.42056  1.35901 -0.02166  0.96971  0.007892  0.006759  0.000000    1.1637
   2.47979  1.41822 -0.02309  0.97296  0.007665  0.006688  0.000000    1.1420
   2.54744  1.48585 -0.02431  0.97601  0.007461  0.006623  0.000000    1.1225
   2.62470  1.56311 -0.02523  0.97884  0.007281  0.006564  0.000000    1.1052
   2.71294  1.65135 -0.02574  0.98144  0.007122  0.006510  0.000000    1.0900
   2.81372  1.75213 -0.02573  0.98381  0.006984  0.006462  0.000000    1.0768
   2.92882  1.86723 -0.02506  0.98595  0.006866  0.006419  0.000000    1.0655
   3.06029  1.99868 -0.02356  0.98818  0.006757  0.006375  0.000000    1.0559
