 ---------------------------------------------------------------
 Surface and Strip Forces by surface

  Forces referred to Sref, Cref, Bref about Xref, Yref, Zref
 Standard axis orientation,  X fwd, Z down         

  Surface # 1     Wing                                    
     # Chordwise = 12   # Spanwise = 40     First strip =  1
     Surface area =   15.069177       Ave. chord =    0.882787
     CLsurf  =   0.58648     Clsurf  =  -0.13891
     CYsurf  =  -0.00043     Cmsurf  =  -0.06406
     CDsurf  =   0.00876     Cnsurf  =  -0.01177
     CDisurf =   0.00876     CDvsurf =   0.00000

  Forces referred to Ssurf, Cave about hinge axis thru LE
     CLsurf  =   1.20027     CDsurf  =   0.01793
     Deflect =

 Strip Forces referred to Strip Area, Chord
    j      Yle    Chord     Area     c cl      ai      cl_norm  cl       cd       cdv    cm_c/4    cm_LE  C.P.x/c
     1   0.0064   0.9170   0.0235   1.1160   0.0112   1.2230   1.2230   0.0068   0.0000  -0.1255  -0.4298    0.353
     2   0.0575   0.9170   0.0702   1.1160   0.0112   1.2230   1.2230   0.0069   0.0000  -0.1255  -0.4298    0.353
     3   0.1594   0.9170   0.1165   1.1160   0.0112   1.2230   1.2230   0.0069   0.0000  -0.1255  -0.4298    0.353
     4   0.3115   0.9170   0.1621   1.1160   0.0113   1.2230   1.2230   0.0069   0.0000  -0.1255  -0.4298    0.353
     5   0.5127   0.9170   0.2067   1.1160   0.0113   1.2231   1.2231   0.0057   0.0000  -0.1255  -0.4298    0.353
     6   0.7620   0.9170   0.2501   1.1159   0.0113   1.2227   1.2227   0.0088   0.0000  -0.1255  -0.4298    0.353
     7   1.0577   0.9170   0.2919   1.1159   0.0113   1.2229   1.2229   0.0068   0.0000  -0.1255  -0.4297    0.353
     8   1.3981   0.9170   0.3318   1.1158   0.0113   1.2233   1.2233   0.0013   0.0000  -0.1255  -0.4297    0.353
     9   1.7809   0.9170   0.3698   1.1156   0.0114   1.2221   1.2221   0.0116   0.0000  -0.1255  -0.4297    0.353
    10   2.2039   0.9170   0.4054   1.1155   0.0114   1.2232   1.2232  -0.0006   0.0000  -0.1255  -0.4296    0.353
    11   2.6645   0.9170   0.4386   1.1152   0.0115   1.2221   1.2221   0.0070   0.0000  -0.1255  -0.4296    0.353
    12   3.1598   0.9170   0.4691   1.1149   0.0116   1.2217   1.2217   0.0071   0.0000  -0.1255  -0.4295    0.353
    13   3.6868   0.9170   0.4966   1.1145   0.0117   1.2222   1.2222  -0.0014   0.0000  -0.1255  -0.4294    0.353
    14   4.2422   0.9170   0.5211   1.1140   0.0119   1.2208   1.2208   0.0071   0.0000  -0.1255  -0.4292    0.353
    15   4.8226   0.9170   0.5424   1.1135   0.0120   1.2202   1.2202   0.0073   0.0000  -0.1256  -0.4291    0.353
    16   5.4249   0.9170   0.5615   1.1133   0.0124   1.2189   1.2189   0.0177   0.0000  -0.1259  -0.4294    0.353
    17   6.0456   0.9170   0.5760   1.1134   0.0129   1.2182   1.2182   0.0259   0.0000  -0.1265  -0.4301    0.354
    18   6.6802   0.9170   0.5870   1.1134   0.0135   1.2201   1.2201   0.0080   0.0000  -0.1272  -0.4308    0.354
    19   7.3248   0.9170   0.5943   1.1132   0.0142   1.2198   1.2198   0.0089   0.0000  -0.1279  -0.4314    0.355
    20   7.9754   0.9170   0.5980   1.1128   0.0149   1.2193   1.2193   0.0089   0.0000  -0.1286  -0.4320    0.355
    21   8.6280   0.9170   0.5980   1.1120   0.0157   1.2162   1.2162   0.0304   0.0000  -0.1293  -0.4325    0.356
    22   9.2786   0.9170   0.5943   1.1109   0.0167   1.2191   1.2191  -0.0093   0.0000  -0.1300  -0.4329    0.357
    23   9.9232   0.9170   0.5870   1.1094   0.0176   1.2136   1.2136   0.0276   0.0000  -0.1308  -0.4332    0.358
    24  10.5866   0.9170   0.6286   1.1089   0.0196   1.2147   1.2147   0.0121   0.0000  -0.1326  -0.4349    0.359
    25  11.2639   0.9170   0.6127   1.1088   0.0225   1.2145   1.2145   0.0132   0.0000  -0.1355  -0.4378    0.362
    26  11.9219   0.9170   0.5931   1.1070   0.0258   1.2067   1.2067   0.0679   0.0000  -0.1383  -0.4401    0.365
    27  12.5565   0.9170   0.5698   1.1025   0.0298   1.2047   1.2047   0.0406   0.0000  -0.1409  -0.4415    0.367
    28  13.1637   0.9170   0.5430   1.0941   0.0348   1.1952   1.1952   0.0430   0.0000  -0.1433  -0.4416    0.370
    29  13.7399   0.9170   0.5129   1.0801   0.0413   1.1837   1.1837   0.0053   0.0000  -0.1453  -0.4397    0.373
    30  14.2814   0.9170   0.4796   1.0577   0.0501   1.1550   1.1550   0.0455   0.0000  -0.1466  -0.4349    0.377
    31  14.7850   0.9170   0.4433   1.0219   0.0638   1.1189   1.1189   0.0157   0.0000  -0.1461  -0.4247    0.381
    32  15.2346   0.8580   0.3566   0.9490   0.0643   1.1086   1.1086   0.0336   0.0000  -0.1457  -0.4212    0.381
    33  15.6292   0.7488   0.2793   0.8493   0.0528   1.1372   1.1372   0.0310   0.0000  -0.1474  -0.4300    0.380
    34  15.9799   0.6517   0.2138   0.7466   0.0471   1.1488   1.1488   0.0291   0.0000  -0.1478  -0.4331    0.379
    35  16.2847   0.5674   0.1595   0.6455   0.0465   1.1408   1.1408   0.0293   0.0000  -0.1469  -0.4303    0.379
    36  16.5416   0.4963   0.1153   0.5460   0.0518   1.1029   1.1029   0.0320   0.0000  -0.1443  -0.4183    0.381
    37  16.7490   0.4388   0.0800   0.4457   0.0657   1.0173   1.0173   0.0371   0.0000  -0.1381  -0.3911    0.386
    38  16.9057   0.3955   0.0518   0.3385   0.0907   0.8564   0.8564   0.0416   0.0000  -0.1239  -0.3371    0.395
    39  17.0107   0.3664   0.0289   0.2164   0.1241   0.5898   0.5898   0.0369   0.0000  -0.0925  -0.2395    0.407
    40  17.0634   0.3518   0.0093   0.0752   0.1501   0.2133   0.2133   0.0155   0.0000  -0.0355  -0.0887    0.417

  Surface # 2     Wing (YDUP)                             
     # Chordwise = 12   # Spanwise = 40     First strip = 41
     Surface area =   15.069177       Ave. chord =    0.882787
     CLsurf  =   0.58648     Clsurf  =   0.13891
     CYsurf  =   0.00043     Cmsurf  =  -0.06406
     CDsurf  =   0.00876     Cnsurf  =   0.01177
     CDisurf =   0.00876     CDvsurf =   0.00000

  Forces referred to Ssurf, Cave about hinge axis thru LE
     CLsurf  =   1.20026     CDsurf  =   0.01793
     Deflect =

 Strip Forces referred to Strip Area, Chord
    j      Yle    Chord     Area     c cl      ai      cl_norm  cl       cd       cdv    cm_c/4    cm_LE  C.P.x/c
    41  -0.0064   0.9170   0.0235   1.1160   0.0112   1.2230   1.2230   0.0068   0.0000  -0.1255   0.4298    0.353
    42  -0.0575   0.9170   0.0702   1.1160   0.0112   1.2230   1.2230   0.0068   0.0000  -0.1255   0.4298    0.353
    43  -0.1594   0.9170   0.1165   1.1160   0.0112   1.2230   1.2230   0.0069   0.0000  -0.1255   0.4298    0.353
    44  -0.3115   0.9170   0.1621   1.1160   0.0112   1.2230   1.2230   0.0069   0.0000  -0.1255   0.4298    0.353
    45  -0.5127   0.9170   0.2067   1.1159   0.0113   1.2231   1.2231   0.0057   0.0000  -0.1255   0.4298    0.353
    46  -0.7620   0.9170   0.2501   1.1159   0.0113   1.2227   1.2227   0.0088   0.0000  -0.1255   0.4298    0.353
    47  -1.0577   0.9170   0.2919   1.1159   0.0113   1.2228   1.2228   0.0068   0.0000  -0.1255   0.4297    0.353
    48  -1.3981   0.9170   0.3318   1.1158   0.0113   1.2233   1.2233   0.0013   0.0000  -0.1255   0.4297    0.353
    49  -1.7809   0.9170   0.3698   1.1156   0.0114   1.2221   1.2221   0.0116   0.0000  -0.1255   0.4297    0.353
    50  -2.2039   0.9170   0.4054   1.1154   0.0114   1.2232   1.2232  -0.0006   0.0000  -0.1255   0.4296    0.353
    51  -2.6645   0.9170   0.4386   1.1152   0.0115   1.2221   1.2221   0.0070   0.0000  -0.1255   0.4296    0.353
    52  -3.1598   0.9170   0.4691   1.1149   0.0116   1.2217   1.2217   0.0071   0.0000  -0.1255   0.4295    0.353
    53  -3.6868   0.9170   0.4966   1.1145   0.0117   1.2222   1.2222  -0.0014   0.0000  -0.1255   0.4294    0.353
    54  -4.2422   0.9170   0.5211   1.1140   0.0119   1.2208   1.2208   0.0071   0.0000  -0.1255   0.4292    0.353
    55  -4.8226   0.9170   0.5424   1.1135   0.0120   1.2202   1.2202   0.0073   0.0000  -0.1256   0.4291    0.353
    56  -5.4249   0.9170   0.5615   1.1133   0.0124   1.2189   1.2189   0.0177   0.0000  -0.1259   0.4294    0.353
    57  -6.0456   0.9170   0.5760   1.1134   0.0129   1.2181   1.2181   0.0259   0.0000  -0.1265   0.4301    0.354
    58  -6.6802   0.9170   0.5870   1.1134   0.0135   1.2200   1.2200   0.0080   0.0000  -0.1272   0.4308    0.354
    59  -7.3248   0.9170   0.5943   1.1132   0.0142   1.2197   1.2197   0.0089   0.0000  -0.1279   0.4314    0.355
    60  -7.9754   0.9170   0.5980   1.1128   0.0149   1.2193   1.2193   0.0089   0.0000  -0.1286   0.4320    0.355
    61  -8.6280   0.9170   0.5980   1.1120   0.0157   1.2161   1.2161   0.0304   0.0000  -0.1293   0.4325    0.356
    62  -9.2786   0.9170   0.5943   1.1109   0.0167   1.2191   1.2191  -0.0093   0.0000  -0.1300   0.4329    0.357
    63  -9.9232   0.9170   0.5870   1.1094   0.0176   1.2136   1.2136   0.0276   0.0000  -0.1308   0.4332    0.358
    64 -10.5866   0.9170   0.6286   1.1089   0.0196   1.2147   1.2147   0.0121   0.0000  -0.1326   0.4349    0.359
    65 -11.2639   0.9170   0.6127   1.1088   0.0225   1.2144   1.2144   0.0132   0.0000  -0.1355   0.4378    0.362
    66 -11.9219   0.9170   0.5931   1.1070   0.0258   1.2067   1.2067   0.0679   0.0000  -0.1383   0.4401    0.365
    67 -12.5565   0.9170   0.5698   1.1025   0.0298   1.2046   1.2046   0.0406   0.0000  -0.1409   0.4415    0.367
    68 -13.1637   0.9170   0.5430   1.0941   0.0348   1.1951   1.1951   0.0430   0.0000  -0.1433   0.4416    0.370
    69 -13.7399   0.9170   0.5129   1.0800   0.0413   1.1837   1.1837   0.0053   0.0000  -0.1453   0.4397    0.373
    70 -14.2814   0.9170   0.4796   1.0577   0.0501   1.1550   1.1550   0.0455   0.0000  -0.1466   0.4349    0.377
    71 -14.7850   0.9170   0.4433   1.0219   0.0638   1.1189   1.1189   0.0157   0.0000  -0.1461   0.4247    0.381
    72 -15.2346   0.8580   0.3566   0.9490   0.0643   1.1086   1.1086   0.0335   0.0000  -0.1457   0.4212    0.381
    73 -15.6292   0.7488   0.2793   0.8493   0.0528   1.1372   1.1372   0.0310   0.0000  -0.1474   0.4299    0.380
    74 -15.9799   0.6517   0.2138   0.7466   0.0471   1.1488   1.1488   0.0291   0.0000  -0.1478   0.4331    0.379
    75 -16.2847   0.5674   0.1595   0.6455   0.0465   1.1408   1.1408   0.0293   0.0000  -0.1469   0.4303    0.379
    76 -16.5416   0.4963   0.1153   0.5460   0.0518   1.1029   1.1029   0.0320   0.0000  -0.1443   0.4183    0.381
    77 -16.7490   0.4388   0.0800   0.4457   0.0657   1.0173   1.0173   0.0371   0.0000  -0.1381   0.3911    0.386
    78 -16.9057   0.3955   0.0518   0.3385   0.0907   0.8564   0.8564   0.0416   0.0000  -0.1239   0.3371    0.395
    79 -17.0107   0.3664   0.0289   0.2164   0.1241   0.5898   0.5898   0.0369   0.0000  -0.0925   0.2395    0.407
    80 -17.0634   0.3518   0.0093   0.0752   0.1501   0.2133   0.2133   0.0155   0.0000  -0.0355   0.0887    0.417
 ---------------------------------------------------------------
