 ---------------------------------------------------------------
 Surface and Strip Forces by surface

  Forces referred to Sref, Cref, Bref about Xref, Yref, Zref
 Standard axis orientation,  X fwd, Z down         

  Surface # 1     Wing                                    
     # Chordwise = 12   # Spanwise = 40     First strip =  1
     Surface area =   15.069177       Ave. chord =    0.882787
     CLsurf  =   0.53731     Clsurf  =  -0.12757
     CYsurf  =  -0.00028     Cmsurf  =  -0.06432
     CDsurf  =   0.00736     Cnsurf  =  -0.00879
     CDisurf =   0.00736     CDvsurf =   0.00000

  Forces referred to Ssurf, Cave about hinge axis thru LE
     CLsurf  =   1.09964     CDsurf  =   0.01506
     Deflect =

 Strip Forces referred to Strip Area, Chord
    j      Yle    Chord     Area     c cl      ai      cl_norm  cl       cd       cdv    cm_c/4    cm_LE  C.P.x/c
     1   0.0064   0.9170   0.0235   1.0220   0.0102   1.1182   1.1182   0.0057   0.0000  -0.1260  -0.4046    0.363
     2   0.0575   0.9170   0.0702   1.0220   0.0102   1.1182   1.1182   0.0057   0.0000  -0.1260  -0.4046    0.363
     3   0.1594   0.9170   0.1165   1.0220   0.0102   1.1182   1.1182   0.0057   0.0000  -0.1260  -0.4046    0.363
     4   0.3115   0.9170   0.1621   1.0220   0.0103   1.1182   1.1182   0.0057   0.0000  -0.1260  -0.4046    0.363
     5   0.5127   0.9170   0.2067   1.0220   0.0103   1.1183   1.1183   0.0047   0.0000  -0.1260  -0.4046    0.363
     6   0.7620   0.9170   0.2501   1.0219   0.0103   1.1180   1.1180   0.0075   0.0000  -0.1260  -0.4046    0.363
     7   1.0577   0.9170   0.2919   1.0219   0.0103   1.1181   1.1181   0.0057   0.0000  -0.1260  -0.4046    0.363
     8   1.3981   0.9170   0.3318   1.0218   0.0103   1.1185   1.1185   0.0008   0.0000  -0.1260  -0.4045    0.363
     9   1.7809   0.9170   0.3698   1.0217   0.0104   1.1175   1.1175   0.0098   0.0000  -0.1260  -0.4045    0.363
    10   2.2039   0.9170   0.4054   1.0215   0.0104   1.1183   1.1183  -0.0008   0.0000  -0.1260  -0.4045    0.363
    11   2.6645   0.9170   0.4386   1.0213   0.0105   1.1175   1.1175   0.0058   0.0000  -0.1260  -0.4044    0.363
    12   3.1598   0.9170   0.4691   1.0210   0.0106   1.1171   1.1171   0.0060   0.0000  -0.1260  -0.4043    0.363
    13   3.6868   0.9170   0.4966   1.0207   0.0107   1.1174   1.1174  -0.0014   0.0000  -0.1260  -0.4042    0.363
    14   4.2422   0.9170   0.5211   1.0202   0.0108   1.1163   1.1163   0.0059   0.0000  -0.1260  -0.4041    0.363
    15   4.8226   0.9170   0.5424   1.0198   0.0109   1.1158   1.1158   0.0061   0.0000  -0.1260  -0.4040    0.363
    16   5.4249   0.9170   0.5615   1.0197   0.0113   1.1149   1.1149   0.0149   0.0000  -0.1263  -0.4043    0.363
    17   6.0456   0.9170   0.5760   1.0199   0.0118   1.1146   1.1146   0.0219   0.0000  -0.1270  -0.4050    0.364
    18   6.6802   0.9170   0.5870   1.0201   0.0123   1.1161   1.1161   0.0067   0.0000  -0.1277  -0.4058    0.364
    19   7.3248   0.9170   0.5943   1.0200   0.0129   1.1160   1.1160   0.0074   0.0000  -0.1284  -0.4065    0.365
    20   7.9754   0.9170   0.5980   1.0198   0.0136   1.1157   1.1157   0.0074   0.0000  -0.1291  -0.4071    0.366
    21   8.6280   0.9170   0.5980   1.0193   0.0143   1.1135   1.1135   0.0254   0.0000  -0.1298  -0.4077    0.367
    22   9.2786   0.9170   0.5943   1.0184   0.0152   1.1155   1.1155  -0.0078   0.0000  -0.1305  -0.4081    0.367
    23   9.9232   0.9170   0.5870   1.0173   0.0160   1.1116   1.1116   0.0230   0.0000  -0.1312  -0.4086    0.368
    24  10.5866   0.9170   0.6286   1.0172   0.0178   1.1127   1.1127   0.0101   0.0000  -0.1331  -0.4104    0.370
    25  11.2639   0.9170   0.6127   1.0177   0.0206   1.1131   1.1131   0.0111   0.0000  -0.1360  -0.4135    0.372
    26  11.9219   0.9170   0.5931   1.0167   0.0237   1.1080   1.1080   0.0565   0.0000  -0.1388  -0.4160    0.375
    27  12.5565   0.9170   0.5698   1.0132   0.0274   1.1061   1.1061   0.0338   0.0000  -0.1415  -0.4177    0.378
    28  13.1637   0.9170   0.5430   1.0060   0.0320   1.0981   1.0981   0.0360   0.0000  -0.1439  -0.4182    0.381
    29  13.7399   0.9170   0.5129   0.9937   0.0380   1.0874   1.0874   0.0050   0.0000  -0.1459  -0.4168    0.384
    30  14.2814   0.9170   0.4796   0.9738   0.0462   1.0627   1.0627   0.0381   0.0000  -0.1473  -0.4128    0.389
    31  14.7850   0.9170   0.4433   0.9415   0.0591   1.0294   1.0294   0.0136   0.0000  -0.1469  -0.4036    0.393
    32  15.2346   0.8580   0.3566   0.8745   0.0595   1.0205   1.0205   0.0284   0.0000  -0.1466  -0.4004    0.394
    33  15.6292   0.7488   0.2793   0.7823   0.0486   1.0464   1.0464   0.0264   0.0000  -0.1483  -0.4086    0.392
    34  15.9799   0.6517   0.2138   0.6876   0.0433   1.0568   1.0568   0.0248   0.0000  -0.1487  -0.4114    0.391
    35  16.2847   0.5674   0.1595   0.5944   0.0428   1.0495   1.0495   0.0251   0.0000  -0.1480  -0.4089    0.391
    36  16.5416   0.4963   0.1153   0.5029   0.0476   1.0148   1.0148   0.0274   0.0000  -0.1455  -0.3979    0.393
    37  16.7490   0.4388   0.0800   0.4107   0.0605   0.9367   0.9367   0.0319   0.0000  -0.1398  -0.3728    0.399
    38  16.9057   0.3955   0.0518   0.3123   0.0840   0.7896   0.7896   0.0358   0.0000  -0.1261  -0.3227    0.410
    39  17.0107   0.3664   0.0289   0.1999   0.1158   0.5448   0.5448   0.0317   0.0000  -0.0949  -0.2307    0.424
    40  17.0634   0.3518   0.0093   0.0695   0.1405   0.1972   0.1972   0.0132   0.0000  -0.0368  -0.0860    0.436

  Surface # 2     Wing (YDUP)                             
     # Chordwise = 12   # Spanwise = 40     First strip = 41
     Surface area =   15.069177       Ave. chord =    0.882787
     CLsurf  =   0.53731     Clsurf  =   0.12757
     CYsurf  =   0.00028     Cmsurf  =  -0.06432
     CDsurf  =   0.00736     Cnsurf  =   0.00879
     CDisurf =   0.00736     CDvsurf =   0.00000

  Forces referred to Ssurf, Cave about hinge axis thru LE
     CLsurf  =   1.09963     CDsurf  =   0.01505
     Deflect =

 Strip Forces referred to Strip Area, Chord
    j      Yle    Chord     Area     c cl      ai      cl_norm  cl       cd       cdv    cm_c/4    cm_LE  C.P.x/c
    41  -0.0064   0.9170   0.0235   1.0220   0.0102   1.1182   1.1182   0.0057   0.0000  -0.1260   0.4046    0.363
    42  -0.0575   0.9170   0.0702   1.0220   0.0102   1.1182   1.1182   0.0057   0.0000  -0.1260   0.4046    0.363
    43  -0.1594   0.9170   0.1165   1.0220   0.0102   1.1182   1.1182   0.0057   0.0000  -0.1260   0.4046    0.363
    44  -0.3115   0.9170   0.1621   1.0220   0.0103   1.1182   1.1182   0.0057   0.0000  -0.1260   0.4046    0.363
    45  -0.5127   0.9170   0.2067   1.0220   0.0103   1.1183   1.1183   0.0047   0.0000  -0.1260   0.4046    0.363
    46  -0.7620   0.9170   0.2501   1.0219   0.0103   1.1180   1.1180   0.0075   0.0000  -0.1260   0.4046    0.363
    47  -1.0577   0.9170   0.2919   1.0219   0.0103   1.1181   1.1181   0.0057   0.0000  -0.1260   0.4046    0.363
    48  -1.3981   0.9170   0.3318   1.0218   0.0103   1.1185   1.1185   0.0008   0.0000  -0.1260   0.4045    0.363
    49  -1.7809   0.9170   0.3698   1.0217   0.0104   1.1175   1.1175   0.0098   0.0000  -0.1260   0.4045    0.363
    50  -2.2039   0.9170   0.4054   1.0215   0.0104   1.1183   1.1183  -0.0008   0.0000  -0.1260   0.4045    0.363
    51  -2.6645   0.9170   0.4386   1.0213   0.0105   1.1175   1.1175   0.0058   0.0000  -0.1260   0.4044    0.363
    52  -3.1598   0.9170   0.4691   1.0210   0.0106   1.1171   1.1171   0.0059   0.0000  -0.1260   0.4043    0.363
    53  -3.6868   0.9170   0.4966   1.0206   0.0107   1.1174   1.1174  -0.0014   0.0000  -0.1260   0.4042    0.363
    54  -4.2422   0.9170   0.5211   1.0202   0.0108   1.1163   1.1163   0.0059   0.0000  -0.1260   0.4041    0.363
    55  -4.8226   0.9170   0.5424   1.0198   0.0109   1.1158   1.1158   0.0061   0.0000  -0.1260   0.4040    0.363
    56  -5.4249   0.9170   0.5615   1.0197   0.0113   1.1149   1.1149   0.0149   0.0000  -0.1263   0.4043    0.363
    57  -6.0456   0.9170   0.5760   1.0199   0.0118   1.1145   1.1145   0.0219   0.0000  -0.1270   0.4050    0.364
    58  -6.6802   0.9170   0.5870   1.0200   0.0123   1.1160   1.1160   0.0067   0.0000  -0.1277   0.4058    0.364
    59  -7.3248   0.9170   0.5943   1.0200   0.0129   1.1160   1.1160   0.0074   0.0000  -0.1284   0.4064    0.365
    60  -7.9754   0.9170   0.5980   1.0198   0.0136   1.1157   1.1157   0.0074   0.0000  -0.1291   0.4071    0.366
    61  -8.6280   0.9170   0.5980   1.0192   0.0143   1.1135   1.1135   0.0254   0.0000  -0.1298   0.4076    0.367
    62  -9.2786   0.9170   0.5943   1.0184   0.0152   1.1155   1.1155  -0.0078   0.0000  -0.1305   0.4081    0.367
    63  -9.9232   0.9170   0.5870   1.0173   0.0160   1.1116   1.1116   0.0230   0.0000  -0.1312   0.4086    0.368
    64 -10.5866   0.9170   0.6286   1.0172   0.0178   1.1126   1.1126   0.0101   0.0000  -0.1331   0.4104    0.370
    65 -11.2639   0.9170   0.6127   1.0177   0.0206   1.1131   1.1131   0.0111   0.0000  -0.1360   0.4135    0.372
    66 -11.9219   0.9170   0.5931   1.0167   0.0237   1.1080   1.1080   0.0565   0.0000  -0.1388   0.4160    0.375
    67 -12.5565   0.9170   0.5698   1.0132   0.0274   1.1061   1.1061   0.0338   0.0000  -0.1415   0.4177    0.378
    68 -13.1637   0.9170   0.5430   1.0060   0.0320   1.0981   1.0981   0.0360   0.0000  -0.1439   0.4182    0.381
    69 -13.7399   0.9170   0.5129   0.9937   0.0380   1.0874   1.0874   0.0050   0.0000  -0.1459   0.4168    0.384
    70 -14.2814   0.9170   0.4796   0.9738   0.0462   1.0627   1.0627   0.0381   0.0000  -0.1473   0.4128    0.389
    71 -14.7850   0.9170   0.4433   0.9415   0.0591   1.0294   1.0294   0.0136   0.0000  -0.1469   0.4036    0.393
    72 -15.2346   0.8580   0.3566   0.8744   0.0595   1.0205   1.0205   0.0284   0.0000  -0.1466   0.4004    0.394
    73 -15.6292   0.7488   0.2793   0.7823   0.0486   1.0464   1.0464   0.0264   0.0000  -0.1483   0.4085    0.392
    74 -15.9799   0.6517   0.2138   0.6876   0.0433   1.0568   1.0568   0.0248   0.0000  -0.1487   0.4114    0.391
    75 -16.2847   0.5674   0.1595   0.5944   0.0428   1.0495   1.0495   0.0251   0.0000  -0.1480   0.4089    0.391
    76 -16.5416   0.4963   0.1153   0.5029   0.0476   1.0148   1.0148   0.0274   0.0000  -0.1455   0.3979    0.393
    77 -16.7490   0.4388   0.0800   0.4107   0.0605   0.9367   0.9367   0.0319   0.0000  -0.1398   0.3728    0.399
    78 -16.9057   0.3955   0.0518   0.3123   0.0840   0.7896   0.7896   0.0358   0.0000  -0.1261   0.3227    0.410
    79 -17.0107   0.3664   0.0289   0.1999   0.1158   0.5448   0.5448   0.0317   0.0000  -0.0949   0.2307    0.424
    80 -17.0634   0.3518   0.0093   0.0695   0.1405   0.1972   0.1972   0.0132   0.0000  -0.0368   0.0860    0.436
 ---------------------------------------------------------------
