 ---------------------------------------------------------------
 Surface and Strip Forces by surface

  Forces referred to Sref, Cref, Bref about Xref, Yref, Zref
 Standard axis orientation,  X fwd, Z down         

  Surface # 1     Wing                                    
     # Chordwise = 12   # Spanwise = 40     First strip =  1
     Surface area =   15.069177       Ave. chord =    0.882787
     CLsurf  =   0.48792     Clsurf  =  -0.11612
     CYsurf  =  -0.00015     Cmsurf  =  -0.06453
     CDsurf  =   0.00607     Cnsurf  =  -0.00616
     CDisurf =   0.00607     CDvsurf =   0.00000

  Forces referred to Ssurf, Cave about hinge axis thru LE
     CLsurf  =   0.99856     CDsurf  =   0.01243
     Deflect =

 Strip Forces referred to Strip Area, Chord
    j      Yle    Chord     Area     c cl      ai      cl_norm  cl       cd       cdv    cm_c/4    cm_LE  C.P.x/c
     1   0.0064   0.9170   0.0235   0.9271   0.0092   1.0131   1.0131   0.0047   0.0000  -0.1263  -0.3791    0.375
     2   0.0575   0.9170   0.0702   0.9271   0.0092   1.0131   1.0131   0.0047   0.0000  -0.1263  -0.3791    0.375
     3   0.1594   0.9170   0.1165   0.9271   0.0092   1.0131   1.0131   0.0047   0.0000  -0.1263  -0.3791    0.375
     4   0.3115   0.9170   0.1621   0.9271   0.0093   1.0131   1.0131   0.0047   0.0000  -0.1263  -0.3791    0.375
     5   0.5127   0.9170   0.2067   0.9270   0.0093   1.0132   1.0132   0.0038   0.0000  -0.1263  -0.3791    0.375
     6   0.7620   0.9170   0.2501   0.9270   0.0093   1.0130   1.0130   0.0062   0.0000  -0.1263  -0.3790    0.375
     7   1.0577   0.9170   0.2919   0.9270   0.0093   1.0130   1.0130   0.0047   0.0000  -0.1263  -0.3790    0.375
     8   1.3981   0.9170   0.3318   0.9269   0.0093   1.0132   1.0132   0.0004   0.0000  -0.1263  -0.3790    0.375
     9   1.7809   0.9170   0.3698   0.9268   0.0093   1.0126   1.0126   0.0082   0.0000  -0.1263  -0.3790    0.375
    10   2.2039   0.9170   0.4054   0.9266   0.0094   1.0131   1.0131  -0.0009   0.0000  -0.1263  -0.3789    0.375
    11   2.6645   0.9170   0.4386   0.9264   0.0095   1.0124   1.0124   0.0048   0.0000  -0.1263  -0.3789    0.375
    12   3.1598   0.9170   0.4691   0.9262   0.0095   1.0122   1.0122   0.0049   0.0000  -0.1263  -0.3788    0.375
    13   3.6868   0.9170   0.4966   0.9259   0.0096   1.0123   1.0123  -0.0014   0.0000  -0.1263  -0.3787    0.375
    14   4.2422   0.9170   0.5211   0.9255   0.0097   1.0114   1.0114   0.0048   0.0000  -0.1263  -0.3786    0.375
    15   4.8226   0.9170   0.5424   0.9252   0.0098   1.0110   1.0110   0.0050   0.0000  -0.1263  -0.3786    0.375
    16   5.4249   0.9170   0.5615   0.9252   0.0101   1.0105   1.0105   0.0124   0.0000  -0.1267  -0.3789    0.375
    17   6.0456   0.9170   0.5760   0.9255   0.0106   1.0105   1.0105   0.0182   0.0000  -0.1273  -0.3796    0.376
    18   6.6802   0.9170   0.5870   0.9258   0.0111   1.0117   1.0117   0.0054   0.0000  -0.1280  -0.3804    0.377
    19   7.3248   0.9170   0.5943   0.9259   0.0116   1.0118   1.0118   0.0061   0.0000  -0.1287  -0.3812    0.377
    20   7.9754   0.9170   0.5980   0.9259   0.0123   1.0117   1.0117   0.0061   0.0000  -0.1294  -0.3819    0.378
    21   8.6280   0.9170   0.5980   0.9256   0.0129   1.0104   1.0104   0.0209   0.0000  -0.1301  -0.3825    0.379
    22   9.2786   0.9170   0.5943   0.9250   0.0137   1.0117   1.0117  -0.0065   0.0000  -0.1309  -0.3831    0.379
    23   9.9232   0.9170   0.5870   0.9243   0.0144   1.0091   1.0091   0.0188   0.0000  -0.1316  -0.3836    0.380
    24  10.5866   0.9170   0.6286   0.9247   0.0161   1.0102   1.0102   0.0083   0.0000  -0.1335  -0.3856    0.382
    25  11.2639   0.9170   0.6127   0.9258   0.0187   1.0114   1.0114   0.0091   0.0000  -0.1364  -0.3888    0.385
    26  11.9219   0.9170   0.5931   0.9255   0.0215   1.0085   1.0085   0.0463   0.0000  -0.1393  -0.3916    0.388
    27  12.5565   0.9170   0.5698   0.9229   0.0250   1.0070   1.0070   0.0277   0.0000  -0.1420  -0.3936    0.391
    28  13.1637   0.9170   0.5430   0.9171   0.0292   1.0004   1.0004   0.0297   0.0000  -0.1444  -0.3944    0.394
    29  13.7399   0.9170   0.5129   0.9065   0.0348   0.9907   0.9907   0.0045   0.0000  -0.1465  -0.3936    0.398
    30  14.2814   0.9170   0.4796   0.8890   0.0423   0.9697   0.9697   0.0314   0.0000  -0.1480  -0.3903    0.403
    31  14.7850   0.9170   0.4433   0.8602   0.0544   0.9396   0.9396   0.0116   0.0000  -0.1477  -0.3822    0.407
    32  15.2346   0.8580   0.3566   0.7991   0.0546   0.9319   0.9319   0.0237   0.0000  -0.1474  -0.3794    0.408
    33  15.6292   0.7488   0.2793   0.7146   0.0445   0.9551   0.9551   0.0222   0.0000  -0.1492  -0.3868    0.406
    34  15.9799   0.6517   0.2138   0.6280   0.0395   0.9644   0.9644   0.0209   0.0000  -0.1495  -0.3895    0.405
    35  16.2847   0.5674   0.1595   0.5429   0.0390   0.9577   0.9577   0.0212   0.0000  -0.1489  -0.3872    0.405
    36  16.5416   0.4963   0.1153   0.4594   0.0434   0.9263   0.9263   0.0232   0.0000  -0.1466  -0.3772    0.408
    37  16.7490   0.4388   0.0800   0.3754   0.0553   0.8556   0.8556   0.0270   0.0000  -0.1413  -0.3543    0.415
    38  16.9057   0.3955   0.0518   0.2858   0.0773   0.7223   0.7223   0.0303   0.0000  -0.1282  -0.3081    0.427
    39  17.0107   0.3664   0.0289   0.1832   0.1074   0.4994   0.4994   0.0268   0.0000  -0.0972  -0.2217    0.445
    40  17.0634   0.3518   0.0093   0.0638   0.1308   0.1811   0.1811   0.0111   0.0000  -0.0380  -0.0831    0.460

  Surface # 2     Wing (YDUP)                             
     # Chordwise = 12   # Spanwise = 40     First strip = 41
     Surface area =   15.069177       Ave. chord =    0.882787
     CLsurf  =   0.48791     Clsurf  =   0.11611
     CYsurf  =   0.00015     Cmsurf  =  -0.06453
     CDsurf  =   0.00607     Cnsurf  =   0.00616
     CDisurf =   0.00607     CDvsurf =   0.00000

  Forces referred to Ssurf, Cave about hinge axis thru LE
     CLsurf  =   0.99855     CDsurf  =   0.01243
     Deflect =

 Strip Forces referred to Strip Area, Chord
    j      Yle    Chord     Area     c cl      ai      cl_norm  cl       cd       cdv    cm_c/4    cm_LE  C.P.x/c
    41  -0.0064   0.9170   0.0235   0.9271   0.0092   1.0131   1.0131   0.0047   0.0000  -0.1263   0.3791    0.375
    42  -0.0575   0.9170   0.0702   0.9271   0.0092   1.0131   1.0131   0.0047   0.0000  -0.1263   0.3791    0.375
    43  -0.1594   0.9170   0.1165   0.9271   0.0092   1.0131   1.0131   0.0047   0.0000  -0.1263   0.3791    0.375
    44  -0.3115   0.9170   0.1621   0.9271   0.0093   1.0131   1.0131   0.0047   0.0000  -0.1263   0.3791    0.375
    45  -0.5127   0.9170   0.2067   0.9270   0.0093   1.0131   1.0131   0.0038   0.0000  -0.1263   0.3791    0.375
    46  -0.7620   0.9170   0.2501   0.9270   0.0093   1.0130   1.0130   0.0062   0.0000  -0.1263   0.3790    0.375
    47  -1.0577   0.9170   0.2919   0.9270   0.0093   1.0130   1.0130   0.0047   0.0000  -0.1263   0.3790    0.375
    48  -1.3981   0.9170   0.3318   0.9269   0.0093   1.0132   1.0132   0.0004   0.0000  -0.1263   0.3790    0.375
    49  -1.7809   0.9170   0.3698   0.9268   0.0093   1.0126   1.0126   0.0082   0.0000  -0.1263   0.3790    0.375
    50  -2.2039   0.9170   0.4054   0.9266   0.0094   1.0130   1.0130  -0.0009   0.0000  -0.1263   0.3789    0.375
    51  -2.6645   0.9170   0.4386   0.9264   0.0095   1.0124   1.0124   0.0048   0.0000  -0.1263   0.3789    0.375
    52  -3.1598   0.9170   0.4691   0.9262   0.0095   1.0122   1.0122   0.0049   0.0000  -0.1263   0.3788    0.375
    53  -3.6868   0.9170   0.4966   0.9259   0.0096   1.0123   1.0123  -0.0014   0.0000  -0.1263   0.3787    0.375
    54  -4.2422   0.9170   0.5211   0.9255   0.0097   1.0114   1.0114   0.0048   0.0000  -0.1263   0.3786    0.375
    55  -4.8226   0.9170   0.5424   0.9252   0.0098   1.0110   1.0110   0.0050   0.0000  -0.1263   0.3786    0.375
    56  -5.4249   0.9170   0.5615   0.9251   0.0101   1.0105   1.0105   0.0124   0.0000  -0.1267   0.3789    0.375
    57  -6.0456   0.9170   0.5760   0.9255   0.0106   1.0104   1.0104   0.0182   0.0000  -0.1273   0.3796    0.376
    58  -6.6802   0.9170   0.5870   0.9258   0.0111   1.0116   1.0116   0.0054   0.0000  -0.1280   0.3804    0.377
    59  -7.3248   0.9170   0.5943   0.9259   0.0116   1.0118   1.0118   0.0061   0.0000  -0.1287   0.3812    0.377
    60  -7.9754   0.9170   0.5980   0.9259   0.0123   1.0117   1.0117   0.0061   0.0000  -0.1294   0.3819    0.378
    61  -8.6280   0.9170   0.5980   0.9256   0.0129   1.0103   1.0103   0.0209   0.0000  -0.1301   0.3825    0.379
    62  -9.2786   0.9170   0.5943   0.9250   0.0137   1.0116   1.0116  -0.0065   0.0000  -0.1309   0.3831    0.379
    63  -9.9232   0.9170   0.5870   0.9243   0.0144   1.0091   1.0091   0.0188   0.0000  -0.1316   0.3836    0.380
    64 -10.5866   0.9170   0.6286   0.9246   0.0161   1.0102   1.0102   0.0083   0.0000  -0.1335   0.3856    0.382
    65 -11.2639   0.9170   0.6127   0.9257   0.0187   1.0114   1.0114   0.0091   0.0000  -0.1364   0.3888    0.385
    66 -11.9219   0.9170   0.5931   0.9255   0.0215   1.0085   1.0085   0.0463   0.0000  -0.1393   0.3916    0.388
    67 -12.5565   0.9170   0.5698   0.9229   0.0250   1.0070   1.0070   0.0277   0.0000  -0.1420   0.3936    0.391
    68 -13.1637   0.9170   0.5430   0.9171   0.0292   1.0004   1.0004   0.0297   0.0000  -0.1444   0.3944    0.394
    69 -13.7399   0.9170   0.5129   0.9065   0.0348   0.9907   0.9907   0.0045   0.0000  -0.1465   0.3936    0.398
    70 -14.2814   0.9170   0.4796   0.8890   0.0423   0.9697   0.9697   0.0314   0.0000  -0.1480   0.3903    0.403
    71 -14.7850   0.9170   0.4433   0.8602   0.0544   0.9396   0.9396   0.0116   0.0000  -0.1477   0.3822    0.407
    72 -15.2346   0.8580   0.3566   0.7991   0.0546   0.9319   0.9319   0.0237   0.0000  -0.1474   0.3794    0.408
    73 -15.6292   0.7488   0.2793   0.7146   0.0445   0.9551   0.9551   0.0222   0.0000  -0.1492   0.3868    0.406
    74 -15.9799   0.6517   0.2138   0.6280   0.0395   0.9644   0.9644   0.0209   0.0000  -0.1495   0.3895    0.405
    75 -16.2847   0.5674   0.1595   0.5429   0.0390   0.9577   0.9577   0.0212   0.0000  -0.1489   0.3872    0.405
    76 -16.5416   0.4963   0.1153   0.4594   0.0434   0.9263   0.9263   0.0232   0.0000  -0.1466   0.3772    0.408
    77 -16.7490   0.4388   0.0800   0.3754   0.0553   0.8556   0.8556   0.0270   0.0000  -0.1413   0.3543    0.415
    78 -16.9057   0.3955   0.0518   0.2858   0.0773   0.7223   0.7223   0.0303   0.0000  -0.1282   0.3081    0.427
    79 -17.0107   0.3664   0.0289   0.1832   0.1074   0.4994   0.4994   0.0268   0.0000  -0.0972   0.2217    0.445
    80 -17.0634   0.3518   0.0093   0.0638   0.1308   0.1811   0.1811   0.0111   0.0000  -0.0380   0.0831    0.460
 ---------------------------------------------------------------
