 ---------------------------------------------------------------
 Surface and Strip Forces by surface

  Forces referred to Sref, Cref, Bref about Xref, Yref, Zref
 Standard axis orientation,  X fwd, Z down         

  Surface # 1     Wing                                    
     # Chordwise = 12   # Spanwise = 40     First strip =  1
     Surface area =   15.069176       Ave. chord =    0.882787
     CLsurf  =   0.61585     Clsurf  =  -0.14558
     CYsurf  =  -0.00053     Cmsurf  =  -0.06389
     CDsurf  =   0.00728     Cnsurf  =  -0.01449
     CDisurf =   0.00728     CDvsurf =   0.00000

  Forces referred to Ssurf, Cave about hinge axis thru LE
     CLsurf  =   1.26038     CDsurf  =   0.01489
     Deflect =

 Strip Forces referred to Strip Area, Chord
    j      Yle    Chord     Area     c cl      ai      cl_norm  cl       cd       cdv    cm_c/4    cm_LE  C.P.x/c
     1   0.0064   0.9170   0.0234   1.1713   0.0118   1.2850   1.2850   0.0076   0.0000  -0.1252  -0.4446    0.347
     2   0.0575   0.9170   0.0702   1.1713   0.0118   1.2850   1.2850   0.0076   0.0000  -0.1252  -0.4446    0.347
     3   0.1594   0.9170   0.1165   1.1713   0.0118   1.2850   1.2850   0.0076   0.0000  -0.1252  -0.4446    0.347
     4   0.3115   0.9170   0.1621   1.1713   0.0118   1.2850   1.2850   0.0076   0.0000  -0.1252  -0.4446    0.347
     5   0.5127   0.9170   0.2067   1.1713   0.0118   1.2850   1.2850   0.0076   0.0000  -0.1252  -0.4446    0.347
     6   0.7620   0.9170   0.2501   1.1713   0.0119   1.2849   1.2849   0.0076   0.0000  -0.1252  -0.4446    0.347
     7   1.0577   0.9170   0.2919   1.1712   0.0119   1.2849   1.2849   0.0076   0.0000  -0.1252  -0.4446    0.347
     8   1.3981   0.9170   0.3318   1.1711   0.0119   1.2847   1.2847   0.0076   0.0000  -0.1252  -0.4445    0.347
     9   1.7809   0.9170   0.3698   1.1710   0.0120   1.2846   1.2846   0.0076   0.0000  -0.1252  -0.4445    0.347
    10   2.2039   0.9170   0.4054   1.1708   0.0120   1.2844   1.2844   0.0077   0.0000  -0.1252  -0.4444    0.348
    11   2.6645   0.9170   0.4386   1.1705   0.0121   1.2841   1.2841   0.0077   0.0000  -0.1252  -0.4444    0.348
    12   3.1598   0.9170   0.4691   1.1702   0.0122   1.2837   1.2837   0.0078   0.0000  -0.1252  -0.4443    0.348
    13   3.6868   0.9170   0.4966   1.1698   0.0124   1.2832   1.2832   0.0079   0.0000  -0.1252  -0.4441    0.348
    14   4.2422   0.9170   0.5211   1.1693   0.0125   1.2826   1.2826   0.0080   0.0000  -0.1252  -0.4440    0.348
    15   4.8226   0.9170   0.5424   1.1687   0.0127   1.2820   1.2820   0.0082   0.0000  -0.1253  -0.4439    0.348
    16   5.4249   0.9170   0.5615   1.1684   0.0130   1.2817   1.2817   0.0084   0.0000  -0.1256  -0.4441    0.348
    17   6.0456   0.9170   0.5760   1.1685   0.0136   1.2817   1.2817   0.0087   0.0000  -0.1262  -0.4448    0.348
    18   6.6802   0.9170   0.5870   1.1684   0.0142   1.2816   1.2816   0.0091   0.0000  -0.1269  -0.4455    0.349
    19   7.3248   0.9170   0.5943   1.1681   0.0149   1.2813   1.2813   0.0095   0.0000  -0.1276  -0.4461    0.350
    20   7.9754   0.9170   0.5980   1.1676   0.0157   1.2806   1.2806   0.0100   0.0000  -0.1283  -0.4466    0.350
    21   8.6280   0.9170   0.5980   1.1667   0.0166   1.2795   1.2795   0.0106   0.0000  -0.1290  -0.4471    0.351
    22   9.2786   0.9170   0.5943   1.1653   0.0176   1.2780   1.2780   0.0112   0.0000  -0.1297  -0.4474    0.351
    23   9.9232   0.9170   0.5870   1.1637   0.0186   1.2761   1.2761   0.0120   0.0000  -0.1305  -0.4477    0.352
    24  10.5866   0.9170   0.6286   1.1629   0.0206   1.2751   1.2751   0.0132   0.0000  -0.1323  -0.4493    0.354
    25  11.2639   0.9170   0.6127   1.1625   0.0236   1.2744   1.2744   0.0151   0.0000  -0.1352  -0.4521    0.356
    26  11.9219   0.9170   0.5931   1.1602   0.0271   1.2717   1.2717   0.0172   0.0000  -0.1380  -0.4543    0.358
    27  12.5565   0.9170   0.5698   1.1551   0.0312   1.2658   1.2658   0.0197   0.0000  -0.1406  -0.4555    0.361
    28  13.1637   0.9170   0.5430   1.1459   0.0365   1.2553   1.2553   0.0228   0.0000  -0.1429  -0.4553    0.364
    29  13.7399   0.9170   0.5129   1.1309   0.0432   1.2384   1.2384   0.0265   0.0000  -0.1448  -0.4532    0.367
    30  14.2814   0.9170   0.4796   1.1071   0.0524   1.2118   1.2118   0.0311   0.0000  -0.1461  -0.4479    0.371
    31  14.7850   0.9170   0.4433   1.0692   0.0667   1.1696   1.1696   0.0361   0.0000  -0.1455  -0.4370    0.374
    32  15.2346   0.8580   0.3566   0.9929   0.0671   1.1606   1.1606   0.0367   0.0000  -0.1451  -0.4334    0.375
    33  15.6292   0.7488   0.2793   0.8887   0.0552   1.1907   1.1907   0.0337   0.0000  -0.1469  -0.4425    0.373
    34  15.9799   0.6517   0.2138   0.7813   0.0494   1.2031   1.2031   0.0318   0.0000  -0.1471  -0.4458    0.372
    35  16.2847   0.5674   0.1595   0.6754   0.0487   1.1946   1.1946   0.0319   0.0000  -0.1462  -0.4428    0.372
    36  16.5416   0.4963   0.1153   0.5713   0.0543   1.1549   1.1549   0.0348   0.0000  -0.1435  -0.4303    0.374
    37  16.7490   0.4388   0.0800   0.4662   0.0688   1.0648   1.0648   0.0404   0.0000  -0.1372  -0.4018    0.379
    38  16.9057   0.3955   0.0518   0.3539   0.0946   0.8957   0.8957   0.0452   0.0000  -0.1225  -0.3455    0.387
    39  17.0107   0.3664   0.0289   0.2260   0.1291   0.6163   0.6163   0.0402   0.0000  -0.0910  -0.2446    0.398
    40  17.0634   0.3518   0.0093   0.0785   0.1558   0.2227   0.2227   0.0169   0.0000  -0.0348  -0.0904    0.406

  Surface # 2     Wing (YDUP)                             
     # Chordwise = 12   # Spanwise = 40     First strip = 41
     Surface area =   15.069176       Ave. chord =    0.882787
     CLsurf  =   0.61585     Clsurf  =   0.14558
     CYsurf  =   0.00053     Cmsurf  =  -0.06389
     CDsurf  =   0.00728     Cnsurf  =   0.01449
     CDisurf =   0.00728     CDvsurf =   0.00000

  Forces referred to Ssurf, Cave about hinge axis thru LE
     CLsurf  =   1.26038     CDsurf  =   0.01489
     Deflect =

 Strip Forces referred to Strip Area, Chord
    j      Yle    Chord     Area     c cl      ai      cl_norm  cl       cd       cdv    cm_c/4    cm_LE  C.P.x/c
    41  -0.0064   0.9170   0.0234   1.1713   0.0118   1.2850   1.2850   0.0076   0.0000  -0.1252   0.4446    0.347
    42  -0.0575   0.9170   0.0702   1.1713   0.0118   1.2850   1.2850   0.0076   0.0000  -0.1252   0.4446    0.347
    43  -0.1594   0.9170   0.1165   1.1713   0.0118   1.2850   1.2850   0.0076   0.0000  -0.1252   0.4446    0.347
    44  -0.3115   0.9170   0.1621   1.1713   0.0118   1.2850   1.2850   0.0076   0.0000  -0.1252   0.4446    0.347
    45  -0.5127   0.9170   0.2067   1.1713   0.0118   1.2850   1.2850   0.0076   0.0000  -0.1252   0.4446    0.347
    46  -0.7620   0.9170   0.2501   1.1713   0.0119   1.2849   1.2849   0.0076   0.0000  -0.1252   0.4446    0.347
    47  -1.0577   0.9170   0.2919   1.1712   0.0119   1.2849   1.2849   0.0076   0.0000  -0.1252   0.4446    0.347
    48  -1.3981   0.9170   0.3318   1.1711   0.0119   1.2847   1.2847   0.0076   0.0000  -0.1252   0.4445    0.347
    49  -1.7809   0.9170   0.3698   1.1710   0.0120   1.2846   1.2846   0.0076   0.0000  -0.1252   0.4445    0.347
    50  -2.2039   0.9170   0.4054   1.1708   0.0120   1.2844   1.2844   0.0077   0.0000  -0.1252   0.4444    0.348
    51  -2.6645   0.9170   0.4386   1.1705   0.0121   1.2841   1.2841   0.0077   0.0000  -0.1252   0.4444    0.348
    52  -3.1598   0.9170   0.4691   1.1702   0.0122   1.2837   1.2837   0.0078   0.0000  -0.1252   0.4443    0.348
    53  -3.6868   0.9170   0.4966   1.1698   0.0124   1.2832   1.2832   0.0079   0.0000  -0.1252   0.4441    0.348
    54  -4.2422   0.9170   0.5211   1.1693   0.0125   1.2826   1.2826   0.0080   0.0000  -0.1252   0.4440    0.348
    55  -4.8226   0.9170   0.5424   1.1687   0.0127   1.2820   1.2820   0.0082   0.0000  -0.1253   0.4439    0.348
    56  -5.4249   0.9170   0.5615   1.1684   0.0130   1.2817   1.2817   0.0084   0.0000  -0.1256   0.4441    0.348
    57  -6.0456   0.9170   0.5760   1.1685   0.0136   1.2817   1.2817   0.0087   0.0000  -0.1262   0.4448    0.348
    58  -6.6802   0.9170   0.5870   1.1684   0.0142   1.2816   1.2816   0.0091   0.0000  -0.1269   0.4455    0.349
    59  -7.3248   0.9170   0.5943   1.1681   0.0149   1.2813   1.2813   0.0095   0.0000  -0.1276   0.4461    0.350
    60  -7.9754   0.9170   0.5980   1.1676   0.0157   1.2806   1.2806   0.0100   0.0000  -0.1283   0.4466    0.350
    61  -8.6280   0.9170   0.5980   1.1667   0.0166   1.2795   1.2795   0.0106   0.0000  -0.1290   0.4471    0.351
    62  -9.2786   0.9170   0.5943   1.1653   0.0176   1.2780   1.2780   0.0112   0.0000  -0.1297   0.4474    0.351
    63  -9.9232   0.9170   0.5870   1.1637   0.0186   1.2761   1.2761   0.0120   0.0000  -0.1305   0.4477    0.352
    64 -10.5866   0.9170   0.6286   1.1629   0.0206   1.2751   1.2751   0.0132   0.0000  -0.1323   0.4493    0.354
    65 -11.2639   0.9170   0.6127   1.1625   0.0236   1.2744   1.2744   0.0151   0.0000  -0.1352   0.4521    0.356
    66 -11.9219   0.9170   0.5931   1.1602   0.0271   1.2717   1.2717   0.0172   0.0000  -0.1380   0.4543    0.358
    67 -12.5565   0.9170   0.5698   1.1551   0.0312   1.2658   1.2658   0.0197   0.0000  -0.1406   0.4555    0.361
    68 -13.1637   0.9170   0.5430   1.1459   0.0365   1.2553   1.2553   0.0228   0.0000  -0.1429   0.4553    0.364
    69 -13.7399   0.9170   0.5129   1.1309   0.0432   1.2384   1.2384   0.0265   0.0000  -0.1448   0.4532    0.367
    70 -14.2814   0.9170   0.4796   1.1071   0.0524   1.2118   1.2118   0.0311   0.0000  -0.1461   0.4479    0.371
    71 -14.7850   0.9170   0.4433   1.0692   0.0667   1.1696   1.1696   0.0361   0.0000  -0.1455   0.4370    0.374
    72 -15.2346   0.8580   0.3566   0.9929   0.0671   1.1606   1.1606   0.0367   0.0000  -0.1451   0.4334    0.375
    73 -15.6292   0.7488   0.2793   0.8887   0.0552   1.1907   1.1907   0.0337   0.0000  -0.1469   0.4425    0.373
    74 -15.9799   0.6517   0.2138   0.7813   0.0494   1.2031   1.2031   0.0318   0.0000  -0.1471   0.4458    0.372
    75 -16.2847   0.5674   0.1595   0.6754   0.0487   1.1946   1.1946   0.0319   0.0000  -0.1462   0.4428    0.372
    76 -16.5416   0.4963   0.1153   0.5713   0.0543   1.1549   1.1549   0.0348   0.0000  -0.1435   0.4303    0.374
    77 -16.7490   0.4388   0.0800   0.4662   0.0688   1.0648   1.0648   0.0404   0.0000  -0.1372   0.4018    0.379
    78 -16.9057   0.3955   0.0518   0.3539   0.0946   0.8957   0.8957   0.0452   0.0000  -0.1225   0.3455    0.387
    79 -17.0107   0.3664   0.0289   0.2260   0.1291   0.6163   0.6163   0.0402   0.0000  -0.0910   0.2446    0.398
    80 -17.0634   0.3518   0.0093   0.0785   0.1558   0.2227   0.2227   0.0169   0.0000  -0.0348   0.0904    0.406
 ---------------------------------------------------------------
