 ---------------------------------------------------------------
 Surface and Strip Forces by surface

  Forces referred to Sref, Cref, Bref about Xref, Yref, Zref
 Standard axis orientation,  X fwd, Z down         

  Surface # 1     Wing                                    
     # Chordwise = 12   # Spanwise = 40     First strip =  1
     Surface area =   15.069176       Ave. chord =    0.882787
     CLsurf  =   0.51410     Clsurf  =  -0.12216
     CYsurf  =  -0.00022     Cmsurf  =  -0.06442
     CDsurf  =   0.00512     Cnsurf  =  -0.00802
     CDisurf =   0.00512     CDvsurf =   0.00000

  Forces referred to Ssurf, Cave about hinge axis thru LE
     CLsurf  =   1.05214     CDsurf  =   0.01047
     Deflect =

 Strip Forces referred to Strip Area, Chord
    j      Yle    Chord     Area     c cl      ai      cl_norm  cl       cd       cdv    cm_c/4    cm_LE  C.P.x/c
     1   0.0064   0.9170   0.0234   0.9772   0.0098   1.0686   1.0686   0.0052   0.0000  -0.1261  -0.3926    0.368
     2   0.0575   0.9170   0.0702   0.9772   0.0098   1.0686   1.0686   0.0052   0.0000  -0.1261  -0.3926    0.368
     3   0.1594   0.9170   0.1165   0.9772   0.0098   1.0686   1.0686   0.0052   0.0000  -0.1261  -0.3926    0.368
     4   0.3115   0.9170   0.1621   0.9772   0.0098   1.0686   1.0686   0.0052   0.0000  -0.1261  -0.3926    0.368
     5   0.5127   0.9170   0.2067   0.9772   0.0098   1.0685   1.0685   0.0052   0.0000  -0.1261  -0.3925    0.368
     6   0.7620   0.9170   0.2501   0.9771   0.0098   1.0685   1.0685   0.0052   0.0000  -0.1261  -0.3925    0.368
     7   1.0577   0.9170   0.2919   0.9771   0.0098   1.0684   1.0684   0.0052   0.0000  -0.1261  -0.3925    0.368
     8   1.3981   0.9170   0.3318   0.9770   0.0098   1.0684   1.0684   0.0052   0.0000  -0.1261  -0.3925    0.368
     9   1.7809   0.9170   0.3698   0.9769   0.0099   1.0682   1.0682   0.0053   0.0000  -0.1261  -0.3925    0.368
    10   2.2039   0.9170   0.4054   0.9767   0.0099   1.0681   1.0681   0.0053   0.0000  -0.1261  -0.3924    0.368
    11   2.6645   0.9170   0.4386   0.9765   0.0100   1.0678   1.0678   0.0053   0.0000  -0.1261  -0.3924    0.368
    12   3.1598   0.9170   0.4691   0.9763   0.0101   1.0675   1.0675   0.0054   0.0000  -0.1261  -0.3923    0.368
    13   3.6868   0.9170   0.4966   0.9759   0.0102   1.0672   1.0672   0.0054   0.0000  -0.1261  -0.3922    0.368
    14   4.2422   0.9170   0.5211   0.9756   0.0103   1.0668   1.0668   0.0055   0.0000  -0.1261  -0.3921    0.368
    15   4.8226   0.9170   0.5424   0.9752   0.0104   1.0663   1.0663   0.0056   0.0000  -0.1262  -0.3920    0.368
    16   5.4249   0.9170   0.5615   0.9751   0.0107   1.0662   1.0662   0.0058   0.0000  -0.1265  -0.3923    0.369
    17   6.0456   0.9170   0.5760   0.9754   0.0112   1.0665   1.0665   0.0060   0.0000  -0.1272  -0.3931    0.369
    18   6.6802   0.9170   0.5870   0.9756   0.0117   1.0667   1.0667   0.0063   0.0000  -0.1278  -0.3938    0.370
    19   7.3248   0.9170   0.5943   0.9756   0.0123   1.0668   1.0668   0.0066   0.0000  -0.1285  -0.3945    0.370
    20   7.9754   0.9170   0.5980   0.9755   0.0129   1.0666   1.0666   0.0069   0.0000  -0.1293  -0.3952    0.371
    21   8.6280   0.9170   0.5980   0.9751   0.0137   1.0661   1.0661   0.0073   0.0000  -0.1300  -0.3958    0.372
    22   9.2786   0.9170   0.5943   0.9743   0.0145   1.0652   1.0652   0.0077   0.0000  -0.1307  -0.3963    0.373
    23   9.9232   0.9170   0.5870   0.9734   0.0153   1.0642   1.0642   0.0083   0.0000  -0.1314  -0.3968    0.374
    24  10.5866   0.9170   0.6286   0.9736   0.0170   1.0643   1.0643   0.0092   0.0000  -0.1333  -0.3987    0.375
    25  11.2639   0.9170   0.6127   0.9743   0.0197   1.0650   1.0650   0.0105   0.0000  -0.1362  -0.4018    0.378
    26  11.9219   0.9170   0.5931   0.9737   0.0227   1.0641   1.0641   0.0121   0.0000  -0.1390  -0.4045    0.381
    27  12.5565   0.9170   0.5698   0.9706   0.0262   1.0606   1.0606   0.0139   0.0000  -0.1417  -0.4063    0.384
    28  13.1637   0.9170   0.5430   0.9640   0.0307   1.0533   1.0533   0.0162   0.0000  -0.1441  -0.4070    0.387
    29  13.7399   0.9170   0.5129   0.9526   0.0365   1.0405   1.0405   0.0189   0.0000  -0.1462  -0.4059    0.391
    30  14.2814   0.9170   0.4796   0.9338   0.0444   1.0198   1.0198   0.0221   0.0000  -0.1476  -0.4022    0.395
    31  14.7850   0.9170   0.4433   0.9031   0.0569   0.9859   0.9859   0.0256   0.0000  -0.1473  -0.3935    0.399
    32  15.2346   0.8580   0.3566   0.8389   0.0572   0.9786   0.9786   0.0261   0.0000  -0.1470  -0.3905    0.400
    33  15.6292   0.7488   0.2793   0.7503   0.0466   1.0032   1.0032   0.0242   0.0000  -0.1488  -0.3984    0.398
    34  15.9799   0.6517   0.2138   0.6594   0.0416   1.0132   1.0132   0.0230   0.0000  -0.1491  -0.4011    0.397
    35  16.2847   0.5674   0.1595   0.5700   0.0409   1.0059   1.0059   0.0232   0.0000  -0.1483  -0.3985    0.397
    36  16.5416   0.4963   0.1153   0.4823   0.0456   0.9730   0.9730   0.0254   0.0000  -0.1461  -0.3881    0.400
    37  16.7490   0.4388   0.0800   0.3940   0.0581   0.8983   0.8983   0.0295   0.0000  -0.1405  -0.3641    0.406
    38  16.9057   0.3955   0.0518   0.2997   0.0808   0.7576   0.7576   0.0331   0.0000  -0.1270  -0.3157    0.418
    39  17.0107   0.3664   0.0289   0.1920   0.1118   0.5233   0.5233   0.0294   0.0000  -0.0960  -0.2264    0.433
    40  17.0634   0.3518   0.0093   0.0668   0.1360   0.1896   0.1896   0.0122   0.0000  -0.0374  -0.0846    0.447

  Surface # 2     Wing (YDUP)                             
     # Chordwise = 12   # Spanwise = 40     First strip = 41
     Surface area =   15.069176       Ave. chord =    0.882787
     CLsurf  =   0.51410     Clsurf  =   0.12216
     CYsurf  =   0.00022     Cmsurf  =  -0.06442
     CDsurf  =   0.00512     Cnsurf  =   0.00802
     CDisurf =   0.00512     CDvsurf =   0.00000

  Forces referred to Ssurf, Cave about hinge axis thru LE
     CLsurf  =   1.05214     CDsurf  =   0.01047
     Deflect =

 Strip Forces referred to Strip Area, Chord
    j      Yle    Chord     Area     c cl      ai      cl_norm  cl       cd       cdv    cm_c/4    cm_LE  C.P.x/c
    41  -0.0064   0.9170   0.0234   0.9772   0.0098   1.0686   1.0686   0.0052   0.0000  -0.1261   0.3926    0.368
    42  -0.0575   0.9170   0.0702   0.9772   0.0098   1.0686   1.0686   0.0052   0.0000  -0.1261   0.3926    0.368
    43  -0.1594   0.9170   0.1165   0.9772   0.0098   1.0686   1.0686   0.0052   0.0000  -0.1261   0.3926    0.368
    44  -0.3115   0.9170   0.1621   0.9772   0.0098   1.0686   1.0686   0.0052   0.0000  -0.1261   0.3926    0.368
    45  -0.5127   0.9170   0.2067   0.9772   0.0098   1.0685   1.0685   0.0052   0.0000  -0.1261   0.3925    0.368
    46  -0.7620   0.9170   0.2501   0.9771   0.0098   1.0685   1.0685   0.0052   0.0000  -0.1261   0.3925    0.368
    47  -1.0577   0.9170   0.2919   0.9771   0.0098   1.0684   1.0684   0.0052   0.0000  -0.1261   0.3925    0.368
    48  -1.3981   0.9170   0.3318   0.9770   0.0098   1.0684   1.0684   0.0052   0.0000  -0.1261   0.3925    0.368
    49  -1.7809   0.9170   0.3698   0.9769   0.0099   1.0682   1.0682   0.0053   0.0000  -0.1261   0.3925    0.368
    50  -2.2039   0.9170   0.4054   0.9767   0.0099   1.0681   1.0681   0.0053   0.0000  -0.1261   0.3924    0.368
    51  -2.6645   0.9170   0.4386   0.9765   0.0100   1.0678   1.0678   0.0053   0.0000  -0.1261   0.3924    0.368
    52  -3.1598   0.9170   0.4691   0.9763   0.0101   1.0675   1.0675   0.0054   0.0000  -0.1261   0.3923    0.368
    53  -3.6868   0.9170   0.4966   0.9759   0.0102   1.0672   1.0672   0.0054   0.0000  -0.1261   0.3922    0.368
    54  -4.2422   0.9170   0.5211   0.9756   0.0103   1.0668   1.0668   0.0055   0.0000  -0.1261   0.3921    0.368
    55  -4.8226   0.9170   0.5424   0.9752   0.0104   1.0663   1.0663   0.0056   0.0000  -0.1262   0.3920    0.368
    56  -5.4249   0.9170   0.5615   0.9751   0.0107   1.0662   1.0662   0.0058   0.0000  -0.1265   0.3923    0.369
    57  -6.0456   0.9170   0.5760   0.9754   0.0112   1.0665   1.0665   0.0060   0.0000  -0.1272   0.3931    0.369
    58  -6.6802   0.9170   0.5870   0.9756   0.0117   1.0667   1.0667   0.0063   0.0000  -0.1278   0.3938    0.370
    59  -7.3248   0.9170   0.5943   0.9756   0.0123   1.0668   1.0668   0.0066   0.0000  -0.1285   0.3945    0.370
    60  -7.9754   0.9170   0.5980   0.9755   0.0129   1.0666   1.0666   0.0069   0.0000  -0.1293   0.3952    0.371
    61  -8.6280   0.9170   0.5980   0.9751   0.0137   1.0661   1.0661   0.0073   0.0000  -0.1300   0.3958    0.372
    62  -9.2786   0.9170   0.5943   0.9743   0.0145   1.0652   1.0652   0.0077   0.0000  -0.1307   0.3963    0.373
    63  -9.9232   0.9170   0.5870   0.9734   0.0153   1.0642   1.0642   0.0083   0.0000  -0.1314   0.3968    0.374
    64 -10.5866   0.9170   0.6286   0.9736   0.0170   1.0643   1.0643   0.0092   0.0000  -0.1333   0.3987    0.375
    65 -11.2639   0.9170   0.6127   0.9743   0.0197   1.0650   1.0650   0.0105   0.0000  -0.1362   0.4018    0.378
    66 -11.9219   0.9170   0.5931   0.9737   0.0227   1.0641   1.0641   0.0121   0.0000  -0.1390   0.4045    0.381
    67 -12.5565   0.9170   0.5698   0.9706   0.0262   1.0606   1.0606   0.0139   0.0000  -0.1417   0.4063    0.384
    68 -13.1637   0.9170   0.5430   0.9640   0.0307   1.0533   1.0533   0.0162   0.0000  -0.1441   0.4070    0.387
    69 -13.7399   0.9170   0.5129   0.9526   0.0365   1.0405   1.0405   0.0189   0.0000  -0.1462   0.4059    0.391
    70 -14.2814   0.9170   0.4796   0.9338   0.0444   1.0198   1.0198   0.0221   0.0000  -0.1476   0.4022    0.395
    71 -14.7850   0.9170   0.4433   0.9031   0.0569   0.9859   0.9859   0.0256   0.0000  -0.1473   0.3935    0.399
    72 -15.2346   0.8580   0.3566   0.8389   0.0572   0.9786   0.9786   0.0261   0.0000  -0.1470   0.3905    0.400
    73 -15.6292   0.7488   0.2793   0.7503   0.0466   1.0032   1.0032   0.0242   0.0000  -0.1488   0.3984    0.398
    74 -15.9799   0.6517   0.2138   0.6594   0.0416   1.0132   1.0132   0.0230   0.0000  -0.1491   0.4011    0.397
    75 -16.2847   0.5674   0.1595   0.5700   0.0409   1.0059   1.0059   0.0232   0.0000  -0.1483   0.3985    0.397
    76 -16.5416   0.4963   0.1153   0.4823   0.0456   0.9730   0.9730   0.0254   0.0000  -0.1461   0.3881    0.400
    77 -16.7490   0.4388   0.0800   0.3940   0.0581   0.8983   0.8983   0.0295   0.0000  -0.1405   0.3641    0.406
    78 -16.9057   0.3955   0.0518   0.2997   0.0808   0.7576   0.7576   0.0331   0.0000  -0.1270   0.3157    0.418
    79 -17.0107   0.3664   0.0289   0.1920   0.1118   0.5233   0.5233   0.0294   0.0000  -0.0960   0.2264    0.433
    80 -17.0634   0.3518   0.0093   0.0668   0.1360   0.1896   0.1896   0.0122   0.0000  -0.0374   0.0846    0.447
 ---------------------------------------------------------------
