 ---------------------------------------------------------------
 Surface and Strip Forces by surface

  Forces referred to Sref, Cref, Bref about Xref, Yref, Zref
 Standard axis orientation,  X fwd, Z down         

  Surface # 1     Wing                                    
     # Chordwise = 12   # Spanwise = 40     First strip =  1
     Surface area =   15.069176       Ave. chord =    0.882787
     CLsurf  =   0.56445     Clsurf  =  -0.13379
     CYsurf  =  -0.00036     Cmsurf  =  -0.06418
     CDsurf  =   0.00614     Cnsurf  =  -0.01102
     CDisurf =   0.00614     CDvsurf =   0.00000

  Forces referred to Ssurf, Cave about hinge axis thru LE
     CLsurf  =   1.15518     CDsurf  =   0.01257
     Deflect =

 Strip Forces referred to Strip Area, Chord
    j      Yle    Chord     Area     c cl      ai      cl_norm  cl       cd       cdv    cm_c/4    cm_LE  C.P.x/c
     1   0.0064   0.9170   0.0234   1.0736   0.0108   1.1756   1.1756   0.0063   0.0000  -0.1257  -0.4184    0.357
     2   0.0575   0.9170   0.0702   1.0736   0.0108   1.1756   1.1756   0.0063   0.0000  -0.1257  -0.4184    0.357
     3   0.1594   0.9170   0.1165   1.0736   0.0108   1.1756   1.1756   0.0063   0.0000  -0.1257  -0.4184    0.357
     4   0.3115   0.9170   0.1621   1.0736   0.0108   1.1756   1.1756   0.0063   0.0000  -0.1257  -0.4184    0.357
     5   0.5127   0.9170   0.2067   1.0735   0.0108   1.1756   1.1756   0.0063   0.0000  -0.1257  -0.4184    0.357
     6   0.7620   0.9170   0.2501   1.0735   0.0108   1.1756   1.1756   0.0063   0.0000  -0.1257  -0.4184    0.357
     7   1.0577   0.9170   0.2919   1.0735   0.0108   1.1755   1.1755   0.0063   0.0000  -0.1257  -0.4184    0.357
     8   1.3981   0.9170   0.3318   1.0734   0.0109   1.1754   1.1754   0.0064   0.0000  -0.1257  -0.4184    0.357
     9   1.7809   0.9170   0.3698   1.0732   0.0109   1.1753   1.1753   0.0064   0.0000  -0.1257  -0.4183    0.357
    10   2.2039   0.9170   0.4054   1.0731   0.0110   1.1751   1.1751   0.0064   0.0000  -0.1257  -0.4183    0.357
    11   2.6645   0.9170   0.4386   1.0728   0.0110   1.1748   1.1748   0.0065   0.0000  -0.1257  -0.4182    0.357
    12   3.1598   0.9170   0.4691   1.0725   0.0111   1.1745   1.1745   0.0065   0.0000  -0.1257  -0.4181    0.357
    13   3.6868   0.9170   0.4966   1.0721   0.0113   1.1741   1.1741   0.0066   0.0000  -0.1257  -0.4180    0.357
    14   4.2422   0.9170   0.5211   1.0717   0.0114   1.1736   1.1736   0.0067   0.0000  -0.1257  -0.4179    0.357
    15   4.8226   0.9170   0.5424   1.0712   0.0115   1.1730   1.1730   0.0068   0.0000  -0.1258  -0.4178    0.357
    16   5.4249   0.9170   0.5615   1.0711   0.0119   1.1728   1.1728   0.0070   0.0000  -0.1261  -0.4181    0.358
    17   6.0456   0.9170   0.5760   1.0712   0.0124   1.1730   1.1730   0.0073   0.0000  -0.1267  -0.4188    0.358
    18   6.6802   0.9170   0.5870   1.0713   0.0130   1.1730   1.1730   0.0076   0.0000  -0.1274  -0.4195    0.359
    19   7.3248   0.9170   0.5943   1.0712   0.0136   1.1729   1.1729   0.0080   0.0000  -0.1281  -0.4202    0.359
    20   7.9754   0.9170   0.5980   1.0708   0.0143   1.1724   1.1724   0.0084   0.0000  -0.1288  -0.4208    0.360
    21   8.6280   0.9170   0.5980   1.0702   0.0151   1.1717   1.1717   0.0088   0.0000  -0.1295  -0.4213    0.361
    22   9.2786   0.9170   0.5943   1.0692   0.0160   1.1705   1.1705   0.0094   0.0000  -0.1302  -0.4217    0.361
    23   9.9232   0.9170   0.5870   1.0679   0.0169   1.1690   1.1690   0.0100   0.0000  -0.1310  -0.4221    0.362
    24  10.5866   0.9170   0.6286   1.0675   0.0188   1.1686   1.1686   0.0111   0.0000  -0.1328  -0.4239    0.364
    25  11.2639   0.9170   0.6127   1.0677   0.0216   1.1686   1.1686   0.0127   0.0000  -0.1357  -0.4268    0.366
    26  11.9219   0.9170   0.5931   1.0663   0.0249   1.1668   1.1668   0.0145   0.0000  -0.1385  -0.4292    0.369
    27  12.5565   0.9170   0.5698   1.0622   0.0287   1.1622   1.1622   0.0167   0.0000  -0.1412  -0.4308    0.371
    28  13.1637   0.9170   0.5430   1.0543   0.0336   1.1533   1.1533   0.0193   0.0000  -0.1436  -0.4310    0.374
    29  13.7399   0.9170   0.5129   1.0411   0.0398   1.1385   1.1385   0.0225   0.0000  -0.1456  -0.4294    0.378
    30  14.2814   0.9170   0.4796   1.0199   0.0484   1.1148   1.1148   0.0264   0.0000  -0.1469  -0.4250    0.382
    31  14.7850   0.9170   0.4433   0.9856   0.0617   1.0769   1.0769   0.0306   0.0000  -0.1465  -0.4152    0.386
    32  15.2346   0.8580   0.3566   0.9153   0.0621   1.0688   1.0688   0.0311   0.0000  -0.1461  -0.4118    0.387
    33  15.6292   0.7488   0.2793   0.8190   0.0509   1.0961   1.0961   0.0287   0.0000  -0.1479  -0.4203    0.385
    34  15.9799   0.6517   0.2138   0.7200   0.0455   1.1072   1.1072   0.0272   0.0000  -0.1482  -0.4233    0.384
    35  16.2847   0.5674   0.1595   0.6223   0.0447   1.0994   1.0994   0.0274   0.0000  -0.1473  -0.4206    0.384
    36  16.5416   0.4963   0.1153   0.5265   0.0499   1.0630   1.0630   0.0299   0.0000  -0.1449  -0.4091    0.386
    37  16.7490   0.4388   0.0800   0.4299   0.0634   0.9808   0.9808   0.0347   0.0000  -0.1389  -0.3829    0.392
    38  16.9057   0.3955   0.0518   0.3266   0.0876   0.8261   0.8261   0.0389   0.0000  -0.1249  -0.3305    0.401
    39  17.0107   0.3664   0.0289   0.2089   0.1204   0.5695   0.5695   0.0345   0.0000  -0.0935  -0.2355    0.414
    40  17.0634   0.3518   0.0093   0.0726   0.1458   0.2060   0.2060   0.0144   0.0000  -0.0361  -0.0875    0.425

  Surface # 2     Wing (YDUP)                             
     # Chordwise = 12   # Spanwise = 40     First strip = 41
     Surface area =   15.069176       Ave. chord =    0.882787
     CLsurf  =   0.56445     Clsurf  =   0.13379
     CYsurf  =   0.00036     Cmsurf  =  -0.06418
     CDsurf  =   0.00614     Cnsurf  =   0.01102
     CDisurf =   0.00614     CDvsurf =   0.00000

  Forces referred to Ssurf, Cave about hinge axis thru LE
     CLsurf  =   1.15518     CDsurf  =   0.01257
     Deflect =

 Strip Forces referred to Strip Area, Chord
    j      Yle    Chord     Area     c cl      ai      cl_norm  cl       cd       cdv    cm_c/4    cm_LE  C.P.x/c
    41  -0.0064   0.9170   0.0234   1.0736   0.0108   1.1756   1.1756   0.0063   0.0000  -0.1257   0.4184    0.357
    42  -0.0575   0.9170   0.0702   1.0736   0.0108   1.1756   1.1756   0.0063   0.0000  -0.1257   0.4184    0.357
    43  -0.1594   0.9170   0.1165   1.0736   0.0108   1.1756   1.1756   0.0063   0.0000  -0.1257   0.4184    0.357
    44  -0.3115   0.9170   0.1621   1.0736   0.0108   1.1756   1.1756   0.0063   0.0000  -0.1257   0.4184    0.357
    45  -0.5127   0.9170   0.2067   1.0735   0.0108   1.1756   1.1756   0.0063   0.0000  -0.1257   0.4184    0.357
    46  -0.7620   0.9170   0.2501   1.0735   0.0108   1.1756   1.1756   0.0063   0.0000  -0.1257   0.4184    0.357
    47  -1.0577   0.9170   0.2919   1.0735   0.0108   1.1755   1.1755   0.0063   0.0000  -0.1257   0.4184    0.357
    48  -1.3981   0.9170   0.3318   1.0734   0.0109   1.1754   1.1754   0.0064   0.0000  -0.1257   0.4184    0.357
    49  -1.7809   0.9170   0.3698   1.0732   0.0109   1.1753   1.1753   0.0064   0.0000  -0.1257   0.4183    0.357
    50  -2.2039   0.9170   0.4054   1.0731   0.0110   1.1751   1.1751   0.0064   0.0000  -0.1257   0.4183    0.357
    51  -2.6645   0.9170   0.4386   1.0728   0.0110   1.1748   1.1748   0.0065   0.0000  -0.1257   0.4182    0.357
    52  -3.1598   0.9170   0.4691   1.0725   0.0111   1.1745   1.1745   0.0065   0.0000  -0.1257   0.4181    0.357
    53  -3.6868   0.9170   0.4966   1.0721   0.0113   1.1741   1.1741   0.0066   0.0000  -0.1257   0.4180    0.357
    54  -4.2422   0.9170   0.5211   1.0717   0.0114   1.1736   1.1736   0.0067   0.0000  -0.1257   0.4179    0.357
    55  -4.8226   0.9170   0.5424   1.0712   0.0115   1.1730   1.1730   0.0068   0.0000  -0.1258   0.4178    0.357
    56  -5.4249   0.9170   0.5615   1.0711   0.0119   1.1728   1.1728   0.0070   0.0000  -0.1261   0.4181    0.358
    57  -6.0456   0.9170   0.5760   1.0712   0.0124   1.1730   1.1730   0.0073   0.0000  -0.1267   0.4188    0.358
    58  -6.6802   0.9170   0.5870   1.0713   0.0130   1.1730   1.1730   0.0076   0.0000  -0.1274   0.4195    0.359
    59  -7.3248   0.9170   0.5943   1.0712   0.0136   1.1729   1.1729   0.0080   0.0000  -0.1281   0.4202    0.359
    60  -7.9754   0.9170   0.5980   1.0708   0.0143   1.1724   1.1724   0.0084   0.0000  -0.1288   0.4208    0.360
    61  -8.6280   0.9170   0.5980   1.0702   0.0151   1.1717   1.1717   0.0088   0.0000  -0.1295   0.4213    0.361
    62  -9.2786   0.9170   0.5943   1.0692   0.0160   1.1705   1.1705   0.0094   0.0000  -0.1302   0.4217    0.361
    63  -9.9232   0.9170   0.5870   1.0679   0.0169   1.1690   1.1690   0.0100   0.0000  -0.1310   0.4221    0.362
    64 -10.5866   0.9170   0.6286   1.0675   0.0188   1.1686   1.1686   0.0111   0.0000  -0.1328   0.4239    0.364
    65 -11.2639   0.9170   0.6127   1.0677   0.0216   1.1686   1.1686   0.0127   0.0000  -0.1357   0.4268    0.366
    66 -11.9219   0.9170   0.5931   1.0663   0.0249   1.1668   1.1668   0.0145   0.0000  -0.1385   0.4292    0.369
    67 -12.5565   0.9170   0.5698   1.0622   0.0287   1.1622   1.1622   0.0167   0.0000  -0.1412   0.4308    0.371
    68 -13.1637   0.9170   0.5430   1.0543   0.0336   1.1533   1.1533   0.0193   0.0000  -0.1436   0.4310    0.374
    69 -13.7399   0.9170   0.5129   1.0411   0.0398   1.1385   1.1385   0.0225   0.0000  -0.1456   0.4294    0.378
    70 -14.2814   0.9170   0.4796   1.0199   0.0484   1.1148   1.1148   0.0264   0.0000  -0.1469   0.4250    0.382
    71 -14.7850   0.9170   0.4433   0.9856   0.0617   1.0769   1.0769   0.0306   0.0000  -0.1465   0.4152    0.386
    72 -15.2346   0.8580   0.3566   0.9153   0.0621   1.0688   1.0688   0.0311   0.0000  -0.1461   0.4118    0.387
    73 -15.6292   0.7488   0.2793   0.8190   0.0509   1.0961   1.0961   0.0287   0.0000  -0.1479   0.4203    0.385
    74 -15.9799   0.6517   0.2138   0.7200   0.0455   1.1072   1.1072   0.0272   0.0000  -0.1482   0.4233    0.384
    75 -16.2847   0.5674   0.1595   0.6223   0.0447   1.0994   1.0994   0.0274   0.0000  -0.1473   0.4206    0.384
    76 -16.5416   0.4963   0.1153   0.5265   0.0499   1.0630   1.0630   0.0299   0.0000  -0.1449   0.4091    0.386
    77 -16.7490   0.4388   0.0800   0.4299   0.0634   0.9808   0.9808   0.0347   0.0000  -0.1389   0.3829    0.392
    78 -16.9057   0.3955   0.0518   0.3266   0.0876   0.8261   0.8261   0.0389   0.0000  -0.1249   0.3305    0.401
    79 -17.0107   0.3664   0.0289   0.2089   0.1204   0.5695   0.5695   0.0345   0.0000  -0.0935   0.2355    0.414
    80 -17.0634   0.3518   0.0093   0.0726   0.1458   0.2060   0.2060   0.0144   0.0000  -0.0361   0.0875    0.425
 ---------------------------------------------------------------
