# CP-F1,   ALPHA= 30 DEG.,  RE= 43 MIO.
# 
# NOMENCLATURE:
# ALPHA     MODEL INCIDENCE
# RE        REYNOLDS NUMBER BASED ON MODEL LENGTH
# DPN       DATA POINT NUMBER
# PHI       CIRCUMFERENTIAL MODEL ANGLE
# I         NUMBER OF PRESSURE TAP
# X0/L      X-LOCATION OF PRESSURE TAP
# CP        PRESSURE COEFFICIENT
# 
# DPN    PHI  I   X0/L     CP
100289  -4.7  1  0.0000  0.0756
100289  -4.7  2  0.0006  0.5599
100289  -4.7  3  0.0022  0.8538
100289  -4.7  4  0.0046  0.9728
100289  -4.7  5  0.0074  1.0055
100289  -4.7  6  0.0105  0.9893
100289  -4.7  7  0.0137  0.9664
100289  -4.7  8  0.0172  0.9364
100289  -4.7  9  0.0208  0.9000
100289  -4.7 10  0.0282  0.8417
100289  -4.6 11  0.0358  0.7870
100289  -4.2 12  0.0435  0.7458
100289  -4.4 13  0.0555  0.6827
100289  -4.7 14  0.0674  0.6319
100289  -4.7 15  0.0876  0.5776
100289  -4.7 16  0.1079  0.5337
100289  -4.7 17  0.1284  0.4933
100289  -4.7 18  0.1489  0.4605
100289  -4.7 19  0.1901  0.4209
100289  -4.7 20  0.2315  0.3798
100289  -4.7 21  0.2728  0.3329
100289  -4.7 22  0.3145  0.3115
100289  -4.7 23  0.3561  0.2862
100289  -4.7 24  0.3978  0.2575
100289  -4.7 25  0.4394  0.2302
100289  -4.7 26  0.4811  0.1829
100289  -4.7 27  0.5228  0.1821
100289  -4.3 28  0.5644  0.1656
100289  -4.5 29  0.6061  0.1543
100289  -4.5 30  0.6478  0.1224
100289  -4.7 31  0.6894  0.1111
100289  -4.7 32  0.7309  0.0721
100289  -4.7 33  0.7725  0.0195
100289  -4.7 34  0.8139  0.0120
100289  -4.7 35  0.8346 -0.0002
100289  -4.7 36  0.8552 -0.0194
100289  -4.7 37  0.8758 -0.0399
100289  -4.7 38  0.9166 -0.0582
100289  -4.7 39  0.9365 -0.0823
100289  -4.7 40  0.9544 -0.0355
100289  -4.7 41  0.9717  0.2068
100290   0.3  1  0.0000  0.0799
100290   0.3  2  0.0006  0.5694
100290   0.3  3  0.0022  0.8656
100290   0.3  4  0.0046  0.9839
100290   0.3  5  0.0074  1.0100
100290   0.3  6  0.0105  1.0019
100290   0.3  7  0.0137  0.9691
100290   0.4  8  0.0172  0.9411
100290   0.3  9  0.0208  0.9123
100290   0.3 10  0.0282  0.8530
100290   0.3 11  0.0358  0.7965
100290   0.3 12  0.0435  0.7541
100290   0.3 13  0.0555  0.6934
100290   0.3 14  0.0674  0.6405
100290   0.3 15  0.0876  0.5855
100290   0.3 16  0.1079  0.5433
100290   0.3 17  0.1284  0.5006
100290   0.3 18  0.1489  0.4721
100290   0.3 19  0.1901  0.4193
100290   0.3 20  0.2315  0.3845
100290   0.3 21  0.2728  0.3436
100290   0.3 22  0.3145  0.3162
100290   0.3 23  0.3561  0.2883
100290   0.4 24  0.3978  0.2694
100290   0.4 25  0.4394  0.2389
100290   0.6 26  0.4811  0.1928
100290   0.3 27  0.5228  0.1887
100290   0.3 28  0.5644  0.1739
100290   0.3 29  0.6061  0.1636
100290   0.3 30  0.6478  0.1306
100290   0.3 31  0.6894  0.1149
100290   0.3 32  0.7309  0.0762
100290   0.3 33  0.7725  0.0260
100290   0.3 34  0.8139  0.0194
100290   0.3 35  0.8346  0.0049
100290   0.3 36  0.8552 -0.0069
100290   0.3 37  0.8758 -0.0340
100290   0.3 38  0.9166 -0.0509
100290   0.3 39  0.9365 -0.0776
100290   0.3 40  0.9544 -0.0286
100290   0.3 41  0.9717  0.2095
100291   5.5  1  0.0000  0.0876
100291   5.5  2  0.0006  0.5651
100291   5.5  3  0.0022  0.8601
100291   5.9  4  0.0046  0.9730
100291   5.7  5  0.0074  1.0064
100291   5.4  6  0.0105  0.9884
100291   5.4  7  0.0137  0.9651
100291   5.5  8  0.0172  0.9369
100291   5.5  9  0.0208  0.9017
100291   5.5 10  0.0282  0.8432
100291   5.5 11  0.0358  0.7852
100291   5.5 12  0.0435  0.7420
100291   5.5 13  0.0555  0.6865
100291   5.5 14  0.0674  0.6338
100291   5.5 15  0.0876  0.5759
100291   5.5 16  0.1079  0.5349
100291   5.5 17  0.1284  0.5007
100291   5.5 18  0.1489  0.4661
100291   5.5 19  0.1901  0.4182
100291   5.5 20  0.2315  0.3764
100291   5.5 21  0.2728  0.3389
100291   5.5 22  0.3145  0.3090
100291   5.5 23  0.3561  0.2793
100291   5.5 24  0.3978  0.2582
100291   5.5 25  0.4394  0.2272
100291   5.5 26  0.4811  0.1857
100291   5.5 27  0.5228  0.1835
100291   5.5 28  0.5644  0.1624
100291   5.5 29  0.6061  0.1503
100291   5.5 30  0.6478  0.1253
100291   5.5 31  0.6894  0.1048
100291   5.5 32  0.7309  0.0721
100291   5.5 33  0.7725  0.0168
100291   5.5 34  0.8139  0.0198
100291   5.5 35  0.8346 -0.0050
100291   5.5 36  0.8552 -0.0155
100291   5.5 37  0.8758 -0.0371
100291   5.5 38  0.9166 -0.0537
100291   5.5 39  0.9365 -0.0741
100291   5.5 40  0.9544 -0.0278
100291   5.5 41  0.9717  0.2089
100292  10.6  1  0.0000  0.0837
100292  10.3  2  0.0006  0.5641
100292  10.3  3  0.0022  0.8486
100292  10.3  4  0.0046  0.9589
100292  10.3  5  0.0074  0.9851
100292  10.3  6  0.0105  0.9666
100292  10.3  7  0.0137  0.9441
100292  10.3  8  0.0172  0.9139
100292  10.3  9  0.0208  0.8768
100292  10.3 10  0.0282  0.8210
100292  10.3 11  0.0358  0.7672
100292  10.3 12  0.0435  0.7276
100292  10.3 13  0.0555  0.6610
100292  10.3 14  0.0674  0.6092
100292  10.3 15  0.0876  0.5550
100292  10.3 16  0.1079  0.5135
100292  10.3 17  0.1284  0.4705
100292  10.6 18  0.1489  0.4437
100292  10.3 19  0.1901  0.3986
100292  10.3 20  0.2315  0.3540
100292  10.3 21  0.2728  0.3132
100292  10.3 22  0.3145  0.2833
100292  10.3 23  0.3561  0.2596
100292  10.3 24  0.3978  0.2341
100292  10.3 25  0.4394  0.2010
100292  10.3 26  0.4811  0.1663
100292  10.3 27  0.5228  0.1624
100292  10.3 28  0.5644  0.1448
100292  10.3 29  0.6061  0.1322
100292  10.3 30  0.6478  0.1075
100292  10.3 31  0.6894  0.0896
100292  10.3 32  0.7309  0.0517
100292  10.3 33  0.7725  0.0039
100292  10.3 34  0.8139  0.0023
100292  10.3 35  0.8346 -0.0194
100292  10.3 36  0.8552 -0.0282
100292  10.3 37  0.8758 -0.0503
100292  10.3 38  0.9166 -0.0649
100292  10.3 39  0.9365 -0.0790
100292  10.3 40  0.9544 -0.0320
100292  10.3 41  0.9717  0.2019
100293  15.3  1  0.0000  0.0893
100293  15.3  2  0.0006  0.5528
100293  15.3  3  0.0022  0.8280
100293  15.3  4  0.0046  0.9317
100293  15.3  5  0.0074  0.9499
100293  15.3  6  0.0105  0.9350
100293  15.3  7  0.0137  0.9063
100293  15.3  8  0.0172  0.8755
100293  15.3  9  0.0208  0.8414
100293  15.3 10  0.0282  0.7788
100293  15.3 11  0.0358  0.7295
100293  15.3 12  0.0435  0.6827
100293  15.3 13  0.0555  0.6219
100293  15.3 14  0.0674  0.5681
100293  15.4 15  0.0876  0.5155
100293  15.3 16  0.1079  0.4693
100293  15.3 17  0.1284  0.4323
100293  15.3 18  0.1489  0.4078
100293  15.3 19  0.1901  0.3661
100293  15.3 20  0.2315  0.3150
100293  15.3 21  0.2728  0.2738
100293  15.3 22  0.3145  0.2492
100293  15.3 23  0.3561  0.2249
100293  15.3 24  0.3978  0.2009
100293  15.3 25  0.4394  0.1694
100293  15.3 26  0.4811  0.1273
100293  15.3 27  0.5228  0.1268
100293  15.3 28  0.5644  0.1129
100293  15.3 29  0.6061  0.1019
100293  15.3 30  0.6478  0.0751
100293  15.3 31  0.6894  0.0538
100293  15.3 32  0.7309  0.0268
100293  15.3 33  0.7725 -0.0289
100293  15.3 34  0.8139 -0.0192
100293  15.3 35  0.8346 -0.0387
100293  15.3 36  0.8552 -0.0561
100293  15.3 37  0.8758 -0.0741
100293  15.3 38  0.9166 -0.0799
100293  15.3 39  0.9365 -0.0977
100293  15.3 40  0.9544 -0.0475
100293  15.3 41  0.9717  0.1858
100294  20.3  1  0.0000  0.0870
100294  20.3  2  0.0006  0.5342
100294  20.3  3  0.0022  0.8047
100294  20.3  4  0.0046  0.8931
100294  20.3  5  0.0074  0.9032
100294  20.3  6  0.0105  0.8830
100294  20.3  7  0.0137  0.8566
100294  20.3  8  0.0172  0.8226
100294  20.3  9  0.0208  0.7844
100294  20.3 10  0.0282  0.7272
100294  20.6 11  0.0358  0.6715
100294  20.3 12  0.0435  0.6303
100294  20.3 13  0.0555  0.5621
100294  20.4 14  0.0674  0.5188
100294  20.3 15  0.0876  0.4614
100294  20.3 16  0.1079  0.4221
100294  20.3 17  0.1284  0.3931
100294  20.3 18  0.1489  0.3532
100294  20.3 19  0.1901  0.3134
100294  20.3 20  0.2315  0.2646
100294  20.3 21  0.2728  0.2250
100294  20.3 22  0.3145  0.2062
100294  20.3 23  0.3561  0.1750
100294  20.4 24  0.3978  0.1494
100294  20.3 25  0.4394  0.1186
100294  20.3 26  0.4811  0.0762
100294  20.3 27  0.5228  0.0802
100294  20.3 28  0.5644  0.0672
100294  20.3 29  0.6061  0.0594
100294  20.3 30  0.6478  0.0307
100294  20.4 31  0.6894  0.0128
100294  20.3 32  0.7309 -0.0155
100294  20.3 33  0.7725 -0.0680
100294  20.3 34  0.8139 -0.0571
100294  20.3 35  0.8346 -0.0741
100294  20.3 36  0.8552 -0.0856
100294  20.3 37  0.8758 -0.1030
100294  20.3 38  0.9166 -0.1071
100294  20.4 39  0.9365 -0.1138
100294  20.7 40  0.9544 -0.0571
100294  20.7 41  0.9717  0.1683
100295  25.4  1  0.0000  0.0995
100295  25.4  2  0.0006  0.5216
100295  25.4  3  0.0022  0.7691
100295  25.4  4  0.0046  0.8448
100295  25.4  5  0.0074  0.8524
100295  25.4  6  0.0105  0.8166
100295  25.6  7  0.0137  0.7857
100295  25.3  8  0.0172  0.7593
100295  25.4  9  0.0208  0.7120
100295  25.4 10  0.0282  0.6560
100295  25.4 11  0.0358  0.6005
100295  25.4 12  0.0435  0.5633
100295  25.4 13  0.0555  0.5022
100295  25.4 14  0.0674  0.4401
100295  25.4 15  0.0876  0.3931
100295  25.4 16  0.1079  0.3599
100295  25.4 17  0.1284  0.3275
100295  25.4 18  0.1489  0.2886
100295  25.4 19  0.1901  0.2477
100295  25.3 20  0.2315  0.2059
100295  25.4 21  0.2728  0.1574
100295  25.3 22  0.3145  0.1440
100295  25.4 23  0.3561  0.1172
100295  25.4 24  0.3978  0.0926
100295  25.4 25  0.4394  0.0584
100295  25.4 26  0.4811  0.0221
100295  25.4 27  0.5228  0.0188
100295  25.4 28  0.5644  0.0084
100295  25.4 29  0.6061  0.0028
100295  25.4 30  0.6478 -0.0220
100295  25.4 31  0.6894 -0.0368
100295  25.4 32  0.7309 -0.0594
100295  25.4 33  0.7725 -0.1196
100295  25.4 34  0.8139 -0.0922
100295  25.4 35  0.8346 -0.1178
100295  25.4 36  0.8552 -0.1263
100295  25.7 37  0.8758 -0.1354
100295  25.6 38  0.9166 -0.1336
100295  25.4 39  0.9365 -0.1370
100295  25.4 40  0.9544 -0.0734
100295  25.4 41  0.9717  0.1444
100296  30.3  1  0.0000  0.1175
100296  30.3  2  0.0006  0.5000
100296  30.3  3  0.0022  0.7289
100296  30.3  4  0.0046  0.7858
100296  30.3  5  0.0074  0.7779
100296  30.3  6  0.0105  0.7434
100296  30.3  7  0.0137  0.7133
100296  30.3  8  0.0172  0.6806
100296  30.3  9  0.0208  0.6319
100296  30.3 10  0.0282  0.5772
100296  30.3 11  0.0358  0.5258
100296  30.3 12  0.0435  0.4822
100296  30.3 13  0.0555  0.4199
100296  30.3 14  0.0674  0.3687
100296  30.3 15  0.0876  0.3201
100296  30.3 16  0.1079  0.2855
100296  30.3 17  0.1284  0.2543
100296  30.3 18  0.1489  0.2109
100296  30.3 19  0.1901  0.1736
100296  30.3 20  0.2315  0.1288
100296  30.3 21  0.2728  0.0877
100296  30.3 22  0.3145  0.0692
100296  30.3 23  0.3561  0.0479
100296  30.3 24  0.3978  0.0187
100296  30.3 25  0.4394 -0.0069
100296  30.3 26  0.4811 -0.0511
100296  30.3 27  0.5228 -0.0456
100296  30.3 28  0.5644 -0.0545
100296  30.3 29  0.6061 -0.0570
100296  30.3 30  0.6478 -0.0782
100296  30.3 31  0.6894 -0.0969
100296  30.3 32  0.7309 -0.1172
100296  30.3 33  0.7725 -0.1796
100296  30.3 34  0.8139 -0.1464
100296  30.5 35  0.8346 -0.1707
100296  30.3 36  0.8552 -0.1747
100296  30.3 37  0.8758 -0.1832
100296  30.3 38  0.9166 -0.1724
100296  30.3 39  0.9365 -0.1705
100296  30.3 40  0.9544 -0.1097
100296  30.3 41  0.9717  0.1136
100297  35.2  1  0.0000  0.1092
100297  35.2  2  0.0006  0.4724
100297  35.2  3  0.0022  0.6749
100297  35.2  4  0.0046  0.7135
100297  35.2  5  0.0074  0.7048
100297  35.2  6  0.0105  0.6582
100297  35.2  7  0.0137  0.6246
100297  35.2  8  0.0172  0.5900
100297  35.2  9  0.0208  0.5438
100297  35.2 10  0.0282  0.4854
100297  35.2 11  0.0358  0.4341
100297  35.2 12  0.0435  0.3944
100297  35.2 13  0.0555  0.3207
100297  35.2 14  0.0674  0.2862
100297  35.2 15  0.0876  0.2393
100297  35.2 16  0.1079  0.1983
100297  35.2 17  0.1284  0.1690
100297  35.2 18  0.1489  0.1264
100297  35.2 19  0.1901  0.0953
100297  35.2 20  0.2315  0.0453
100297  35.2 21  0.2728  0.0054
100297  35.3 22  0.3145 -0.0087
100297  35.2 23  0.3561 -0.0326
100297  35.2 24  0.3978 -0.0562
100297  35.2 25  0.4394 -0.0855
100297  35.2 26  0.4811 -0.1288
100297  35.2 27  0.5228 -0.1234
100297  35.2 28  0.5644 -0.1204
100297  35.2 29  0.6061 -0.1293
100297  35.2 30  0.6478 -0.1511
100297  35.2 31  0.6894 -0.1670
100297  35.2 32  0.7309 -0.1879
100297  35.2 33  0.7725 -0.2407
100297  35.2 34  0.8139 -0.2057
100297  35.2 35  0.8346 -0.2250
100297  35.2 36  0.8552 -0.2223
100297  35.3 37  0.8758 -0.2383
100297  35.4 38  0.9166 -0.2200
100297  35.3 39  0.9365 -0.2048
100297  35.2 40  0.9544 -0.1288
100297  35.2 41  0.9717  0.0889
100298  35.2  1  0.0000  0.1070
100298  35.2  2  0.0006  0.4740
100298  35.2  3  0.0022  0.6767
100298  35.2  4  0.0046  0.7121
100298  35.3  5  0.0074  0.6992
100298  35.3  6  0.0105  0.6522
100298  35.2  7  0.0137  0.6161
100298  35.2  8  0.0172  0.5887
100298  35.2  9  0.0208  0.5403
100298  35.2 10  0.0282  0.4805
100298  35.2 11  0.0358  0.4283
100298  35.2 12  0.0435  0.3902
100298  35.2 13  0.0555  0.3227
100298  35.2 14  0.0674  0.2695
100298  35.2 15  0.0876  0.2283
100298  35.2 16  0.1079  0.1928
100298  35.2 17  0.1284  0.1638
100298  35.2 18  0.1489  0.1233
100298  35.2 19  0.1901  0.0871
100298  35.2 20  0.2315  0.0471
100298  35.2 21  0.2728 -0.0020
100298  35.2 22  0.3145 -0.0115
100298  35.2 23  0.3561 -0.0363
100298  35.2 24  0.3978 -0.0575
100298  35.2 25  0.4394 -0.0869
100298  35.2 26  0.4811 -0.1355
100298  35.2 27  0.5228 -0.1241
100298  35.2 28  0.5644 -0.1296
100298  35.2 29  0.6061 -0.1360
100298  35.2 30  0.6478 -0.1583
100298  35.2 31  0.6894 -0.1661
100298  35.2 32  0.7309 -0.1909
100298  35.2 33  0.7725 -0.2349
100298  35.2 34  0.8139 -0.2099
100298  35.2 35  0.8346 -0.2253
100298  35.2 36  0.8552 -0.2296
100298  35.2 37  0.8758 -0.2391
100298  35.3 38  0.9166 -0.2140
100298  35.2 39  0.9365 -0.1993
100298  35.3 40  0.9544 -0.1235
100298  35.2 41  0.9717  0.0913
100299  40.4  1  0.0000  0.1177
100299  40.3  2  0.0006  0.4434
100299  40.2  3  0.0022  0.6202
100299  40.2  4  0.0046  0.6374
100299  40.2  5  0.0074  0.6140
100299  40.2  6  0.0105  0.5626
100299  40.2  7  0.0137  0.5233
100299  40.2  8  0.0172  0.4967
100299  40.2  9  0.0208  0.4416
100299  40.2 10  0.0282  0.3802
100299  40.2 11  0.0358  0.3334
100299  40.2 12  0.0435  0.2930
100299  40.2 13  0.0555  0.2203
100299  40.2 14  0.0674  0.1824
100299  40.2 15  0.0876  0.1411
100299  40.2 16  0.1079  0.1038
100299  40.2 17  0.1284  0.0685
100299  40.4 18  0.1489  0.0317
100299  40.3 19  0.1901  0.0021
100299  40.2 20  0.2315 -0.0374
100299  40.2 21  0.2728 -0.0823
100299  40.2 22  0.3145 -0.0969
100299  40.2 23  0.3561 -0.1165
100299  40.2 24  0.3978 -0.1390
100299  40.2 25  0.4394 -0.1719
100299  40.2 26  0.4811 -0.2097
100299  40.2 27  0.5228 -0.2015
100299  40.2 28  0.5644 -0.2015
100299  40.2 29  0.6061 -0.2025
100299  40.2 30  0.6478 -0.2248
100299  40.2 31  0.6894 -0.2333
100299  40.2 32  0.7309 -0.2543
100299  40.2 33  0.7725 -0.3039
100299  40.2 34  0.8139 -0.2701
100299  40.2 35  0.8346 -0.2811
100299  40.2 36  0.8552 -0.2721
100299  40.3 37  0.8758 -0.2855
100299  40.2 38  0.9166 -0.2550
100299  40.2 39  0.9365 -0.2191
100299  40.2 40  0.9544 -0.1460
100299  40.2 41  0.9717  0.0581
100300  45.4  1  0.0000  0.1205
100300  45.4  2  0.0006  0.4105
100300  45.4  3  0.0022  0.5534
100300  45.4  4  0.0046  0.5508
100300  45.4  5  0.0074  0.5172
100300  45.4  6  0.0105  0.4537
100300  45.4  7  0.0137  0.4246
100300  45.4  8  0.0172  0.3885
100300  45.4  9  0.0208  0.3302
100300  45.4 10  0.0282  0.2764
100300  45.4 11  0.0358  0.2300
100300  45.6 12  0.0435  0.1879
100300  45.5 13  0.0555  0.1217
100300  45.5 14  0.0674  0.0773
100300  45.4 15  0.0876  0.0313
100300  45.4 16  0.1079  0.0043
100300  45.4 17  0.1284 -0.0254
100300  45.4 18  0.1489 -0.0743
100300  45.4 19  0.1901 -0.0963
100300  45.4 20  0.2315 -0.1389
100300  45.4 21  0.2728 -0.1823
100300  45.4 22  0.3145 -0.1841
100300  45.4 23  0.3561 -0.2076
100300  45.4 24  0.3978 -0.2268
100300  45.4 25  0.4394 -0.2612
100300  45.4 26  0.4811 -0.2939
100300  45.4 27  0.5228 -0.2838
100300  45.4 28  0.5644 -0.2913
100300  45.4 29  0.6061 -0.2851
100300  45.4 30  0.6478 -0.3020
100300  45.4 31  0.6894 -0.3047
100300  45.4 32  0.7309 -0.3229
100300  45.4 33  0.7725 -0.3700
100300  45.4 34  0.8139 -0.3260
100300  45.4 35  0.8346 -0.3389
100300  45.4 36  0.8552 -0.3382
100300  45.4 37  0.8758 -0.3375
100300  45.4 38  0.9166 -0.2859
100300  45.4 39  0.9365 -0.2527
100300  45.4 40  0.9544 -0.1628
100300  45.4 41  0.9717  0.0285
100301  50.4  1  0.0000  0.1229
100301  50.4  2  0.0006  0.3773
100301  50.4  3  0.0022  0.4906
100301  50.4  4  0.0046  0.4669
100301  50.3  5  0.0074  0.4200
100301  50.3  6  0.0105  0.3546
100301  50.4  7  0.0137  0.3172
100301  50.4  8  0.0172  0.2800
100301  50.4  9  0.0208  0.2208
100301  50.4 10  0.0282  0.1641
100301  50.4 11  0.0358  0.1151
100301  50.4 12  0.0435  0.0791
100301  50.4 13  0.0555  0.0140
100301  50.8 14  0.0674 -0.0304
100301  50.4 15  0.0876 -0.0695
100301  50.3 16  0.1079 -0.0996
100301  50.4 17  0.1284 -0.1200
100301  50.4 18  0.1489 -0.1660
100301  50.3 19  0.1901 -0.1860
100301  50.4 20  0.2315 -0.2257
100301  50.4 21  0.2728 -0.2700
100301  50.4 22  0.3145 -0.2761
100301  50.4 23  0.3561 -0.2948
100301  50.4 24  0.3978 -0.3150
100301  50.3 25  0.4394 -0.3465
100301  50.4 26  0.4811 -0.3811
100301  50.4 27  0.5228 -0.3612
100301  50.4 28  0.5644 -0.3630
100301  50.3 29  0.6061 -0.3548
100301  50.4 30  0.6478 -0.3733
100301  50.4 31  0.6894 -0.3757
100301  50.4 32  0.7309 -0.3886
100301  50.4 33  0.7725 -0.4370
100301  50.4 34  0.8139 -0.3758
100301  50.4 35  0.8346 -0.3874
100301  50.4 36  0.8552 -0.3786
100301  50.4 37  0.8758 -0.3625
100301  50.4 38  0.9166 -0.3122
100301  50.4 39  0.9365 -0.2671
100301  50.4 40  0.9544 -0.1707
100301  50.4 41  0.9717  0.0244
100302  55.3  1  0.0000  0.1235
100302  55.4  2  0.0006  0.3275
100302  55.4  3  0.0022  0.4186
100302  55.4  4  0.0046  0.3771
100302  55.4  5  0.0074  0.3150
100302  55.4  6  0.0105  0.2428
100302  55.4  7  0.0137  0.2055
100302  55.4  8  0.0172  0.1700
100302  55.4  9  0.0208  0.1008
100302  55.4 10  0.0282  0.0500
100302  55.4 11  0.0358  0.0080
100302  55.4 12  0.0435 -0.0268
100302  55.4 13  0.0555 -0.0939
100302  55.4 14  0.0674 -0.1389
100302  55.4 15  0.0876 -0.1737
100302  55.4 16  0.1079 -0.2002
100302  55.4 17  0.1284 -0.2270
100302  55.4 18  0.1489 -0.2656
100302  55.4 19  0.1901 -0.2893
100302  55.4 20  0.2315 -0.3189
100302  55.4 21  0.2728 -0.3653
100302  55.4 22  0.3145 -0.3654
100302  55.4 23  0.3561 -0.3779
100302  55.4 24  0.3978 -0.3949
100302  55.4 25  0.4394 -0.4354
100302  55.4 26  0.4811 -0.4609
100302  55.4 27  0.5228 -0.4401
100302  55.4 28  0.5644 -0.4371
100302  55.4 29  0.6061 -0.4304
100302  55.4 30  0.6478 -0.4386
100302  55.4 31  0.6894 -0.4445
100302  55.4 32  0.7309 -0.4472
100302  55.4 33  0.7725 -0.4888
100302  55.4 34  0.8139 -0.4315
100302  55.4 35  0.8346 -0.4281
100302  55.4 36  0.8552 -0.4214
100302  55.4 37  0.8758 -0.4032
100302  55.4 38  0.9166 -0.3311
100302  55.4 39  0.9365 -0.2656
100302  55.4 40  0.9544 -0.1542
100302  55.4 41  0.9717  0.0348
100303  60.4  1  0.0000  0.1258
100303  60.4  2  0.0006  0.2913
100303  60.4  3  0.0022  0.3414
100303  60.4  4  0.0046  0.2872
100303  60.4  5  0.0074  0.2100
100303  60.4  6  0.0105  0.1308
100303  60.4  7  0.0137  0.0962
100303  60.3  8  0.0172  0.0566
100303  60.4  9  0.0208 -0.0113
100303  60.4 10  0.0282 -0.0571
100303  60.4 11  0.0358 -0.1083
100303  60.4 12  0.0435 -0.1353
100303  60.4 13  0.0555 -0.2005
100303  60.4 14  0.0674 -0.2407
100303  60.4 15  0.0876 -0.2752
100303  60.4 16  0.1079 -0.3024
100303  60.4 17  0.1284 -0.3178
100303  60.4 18  0.1489 -0.3555
100303  60.4 19  0.1901 -0.3767
100303  60.4 20  0.2315 -0.4078
100303  60.4 21  0.2728 -0.4458
100303  60.4 22  0.3145 -0.4446
100303  60.4 23  0.3561 -0.4596
100303  60.4 24  0.3978 -0.4693
100303  60.4 25  0.4394 -0.5100
100303  60.4 26  0.4811 -0.5319
100303  60.4 27  0.5228 -0.5133
100303  60.4 28  0.5644 -0.5031
100303  60.4 29  0.6061 -0.4906
100303  60.4 30  0.6478 -0.4968
100303  60.4 31  0.6894 -0.4973
100303  60.4 32  0.7309 -0.4952
100303  60.4 33  0.7725 -0.5362
100303  60.4 34  0.8139 -0.4588
100303  60.4 35  0.8346 -0.4707
100303  60.4 36  0.8552 -0.4473
100303  60.4 37  0.8758 -0.4222
100303  60.4 38  0.9166 -0.3231
100303  60.4 39  0.9365 -0.2438
100303  60.4 40  0.9544 -0.1237
100303  60.4 41  0.9717  0.0829
100304  65.1  1  0.0000  0.1350
100304  65.1  2  0.0006  0.2503
100304  65.1  3  0.0022  0.2709
100304  65.1  4  0.0046  0.1900
100304  65.1  5  0.0074  0.1177
100304  65.1  6  0.0105  0.0264
100304  65.1  7  0.0137 -0.0070
100304  65.1  8  0.0172 -0.0513
100304  65.1  9  0.0208 -0.1145
100304  65.1 10  0.0282 -0.1616
100304  65.1 11  0.0358 -0.2075
100304  65.1 12  0.0435 -0.2353
100304  65.1 13  0.0555 -0.2870
100304  65.1 14  0.0674 -0.3372
100304  65.1 15  0.0876 -0.3648
100304  65.1 16  0.1079 -0.3872
100304  65.1 17  0.1284 -0.4016
100304  65.1 18  0.1489 -0.4433
100304  65.1 19  0.1901 -0.4587
100304  65.1 20  0.2315 -0.4858
100304  65.1 21  0.2728 -0.5239
100304  65.1 22  0.3145 -0.5201
100304  65.1 23  0.3561 -0.5339
100304  65.1 24  0.3978 -0.5410
100304  65.1 25  0.4394 -0.5760
100304  65.1 26  0.4811 -0.5957
100304  65.1 27  0.5228 -0.5696
100304  65.1 28  0.5644 -0.5638
100304  65.3 29  0.6061 -0.5468
100304  65.1 30  0.6478 -0.5506
100304  65.1 31  0.6894 -0.5422
100304  65.1 32  0.7309 -0.5297
100304  65.1 33  0.7725 -0.5670
100304  65.1 34  0.8139 -0.4816
100304  65.1 35  0.8346 -0.4763
100304  65.1 36  0.8552 -0.4488
100304  65.1 37  0.8758 -0.4158
100304  65.1 38  0.9166 -0.3116
100304  65.1 39  0.9365 -0.2229
100304  65.1 40  0.9544 -0.0638
100304  65.1 41  0.9717  0.1161
100305  70.0  1  0.0000  0.1293
100305  70.0  2  0.0006  0.2062
100305  70.0  3  0.0022  0.1971
100305  70.0  4  0.0046  0.0996
100305  70.0  5  0.0074  0.0143
100305  70.0  6  0.0105 -0.0755
100305  70.0  7  0.0137 -0.1182
100305  70.0  8  0.0172 -0.1584
100305  70.0  9  0.0208 -0.2259
100305  70.0 10  0.0282 -0.2699
100305  70.0 11  0.0358 -0.3114
100305  70.0 12  0.0435 -0.3311
100305  70.0 13  0.0555 -0.3846
100305  70.0 14  0.0674 -0.4287
100305  70.0 15  0.0876 -0.4547
100305  70.0 16  0.1079 -0.4759
100305  70.0 17  0.1284 -0.4885
100305  70.0 18  0.1489 -0.5276
100305  70.0 19  0.1901 -0.5340
100305  70.0 20  0.2315 -0.5612
100305  70.0 21  0.2728 -0.5981
100305  70.0 22  0.3145 -0.5888
100305  70.0 23  0.3561 -0.6017
100305  70.0 24  0.3978 -0.6048
100305  70.0 25  0.4394 -0.6376
100305  70.0 26  0.4811 -0.6566
100305  70.0 27  0.5228 -0.6226
100305  70.0 28  0.5644 -0.6113
100305  70.0 29  0.6061 -0.5836
100305  70.0 30  0.6478 -0.5906
100305  70.0 31  0.6894 -0.5776
100305  70.0 32  0.7309 -0.5567
100305  70.0 33  0.7725 -0.5818
100305  70.0 34  0.8139 -0.5022
100305  70.0 35  0.8346 -0.4932
100305  70.0 36  0.8552 -0.4368
100305  70.0 37  0.8758 -0.4258
100305  70.0 38  0.9166 -0.2832
100305  70.0 39  0.9365 -0.1690
100305  70.0 40  0.9544 -0.0099
100305  70.0 41  0.9717  0.1579
100306  75.0  1  0.0000  0.1320
100306  75.0  2  0.0006  0.1596
100306  75.0  3  0.0022  0.1223
100306  75.0  4  0.0046  0.0098
100306  75.0  5  0.0074 -0.0911
100306  75.0  6  0.0105 -0.1821
100306  75.0  7  0.0137 -0.2208
100306  75.0  8  0.0172 -0.2598
100306  75.0  9  0.0208 -0.3245
100306  75.0 10  0.0282 -0.3632
100306  75.0 11  0.0358 -0.4021
100306  75.0 12  0.0435 -0.4222
100306  74.9 13  0.0555 -0.4691
100306  74.9 14  0.0674 -0.5111
100306  74.9 15  0.0876 -0.5319
100306  75.0 16  0.1079 -0.5492
100306  75.0 17  0.1284 -0.5650
100306  75.0 18  0.1489 -0.5935
100306  75.0 19  0.1901 -0.6042
100306  75.0 20  0.2315 -0.6193
100306  75.0 21  0.2728 -0.6533
100306  75.0 22  0.3145 -0.6430
100306  75.0 23  0.3561 -0.6524
100306  75.0 24  0.3978 -0.6566
100306  75.0 25  0.4394 -0.6874
100306  75.0 26  0.4811 -0.7030
100306  75.0 27  0.5228 -0.6699
100306  75.0 28  0.5644 -0.6450
100306  75.0 29  0.6061 -0.6230
100306  74.9 30  0.6478 -0.6129
100306  74.9 31  0.6894 -0.6002
100306  75.0 32  0.7309 -0.5747
100306  75.0 33  0.7725 -0.5949
100306  75.0 34  0.8139 -0.4974
100306  75.0 35  0.8346 -0.4820
100306  75.0 36  0.8552 -0.4499
100306  75.0 37  0.8758 -0.3865
100306  75.0 38  0.9166 -0.2101
100306  75.0 39  0.9365 -0.0892
100306  75.0 40  0.9544  0.0587
100306  75.0 41  0.9717  0.1853
100307  80.0  1  0.0000  0.1340
100307  80.0  2  0.0006  0.1185
100307  80.0  3  0.0022  0.0480
100307  80.0  4  0.0046 -0.0840
100307  80.0  5  0.0074 -0.1839
100307  80.0  6  0.0105 -0.2775
100307  80.0  7  0.0137 -0.3134
100307  80.0  8  0.0172 -0.3512
100307  80.0  9  0.0208 -0.4189
100307  80.0 10  0.0282 -0.4558
100307  79.9 11  0.0358 -0.4877
100307  79.9 12  0.0435 -0.5061
100307  80.0 13  0.0555 -0.5461
100307  80.0 14  0.0674 -0.5781
100307  80.0 15  0.0876 -0.6051
100307  80.0 16  0.1079 -0.6154
100307  80.0 17  0.1284 -0.6210
100307  80.0 18  0.1489 -0.6593
100307  80.0 19  0.1901 -0.6607
100307  80.0 20  0.2315 -0.6787
100307  80.0 21  0.2728 -0.7041
100307  80.0 22  0.3145 -0.6895
100307  80.0 23  0.3561 -0.6913
100307  80.0 24  0.3978 -0.6999
100307  80.0 25  0.4394 -0.7177
100307  80.0 26  0.4811 -0.7319
100307  79.8 27  0.5228 -0.6900
100307  79.8 28  0.5644 -0.6610
100307  79.8 29  0.6061 -0.6374
100307  80.0 30  0.6478 -0.6245
100307  80.0 31  0.6894 -0.5930
100307  80.0 32  0.7309 -0.5688
100307  80.0 33  0.7725 -0.5607
100307  80.0 34  0.8139 -0.4610
100307  80.0 35  0.8346 -0.4341
100307  80.0 36  0.8552 -0.3711
100307  80.0 37  0.8758 -0.3224
100307  80.0 38  0.9166 -0.1112
100307  80.0 39  0.9365 -0.0012
100307  80.0 40  0.9544  0.0921
100307  80.0 41  0.9717  0.2016
100308  85.2  1  0.0000  0.1243
100308  85.2  2  0.0006  0.0646
100308  85.2  3  0.0022 -0.0316
100308  85.2  4  0.0046 -0.1714
100308  85.2  5  0.0074 -0.2674
100308  85.2  6  0.0105 -0.3702
100308  85.2  7  0.0137 -0.4087
100308  85.2  8  0.0172 -0.4384
100308  85.1  9  0.0208 -0.5026
100308  85.0 10  0.0282 -0.5340
100308  85.2 11  0.0358 -0.5666
100308  85.2 12  0.0435 -0.5775
100308  85.2 13  0.0555 -0.6191
100308  85.2 14  0.0674 -0.6515
100308  85.2 15  0.0876 -0.6624
100308  85.2 16  0.1079 -0.6744
100308  85.2 17  0.1284 -0.6797
100308  85.2 18  0.1489 -0.7117
100308  85.2 19  0.1901 -0.7088
100308  85.2 20  0.2315 -0.7118
100308  85.2 21  0.2728 -0.7406
100308  85.2 22  0.3145 -0.7212
100308  85.2 23  0.3561 -0.7190
100308  85.1 24  0.3978 -0.7196
100308  85.0 25  0.4394 -0.7261
100308  85.2 26  0.4811 -0.7436
100308  85.2 27  0.5228 -0.7049
100308  85.2 28  0.5644 -0.6665
100308  85.2 29  0.6061 -0.6342
100308  85.2 30  0.6478 -0.6130
100308  85.2 31  0.6894 -0.5692
100308  85.2 32  0.7309 -0.5426
100308  85.2 33  0.7725 -0.5166
100308  85.2 34  0.8139 -0.3951
100308  85.2 35  0.8346 -0.3459
100308  85.2 36  0.8552 -0.2740
100308  85.2 37  0.8758 -0.2014
100308  85.2 38  0.9166 -0.0327
100308  85.2 39  0.9365  0.0501
100308  85.2 40  0.9544  0.1204
100308  85.2 41  0.9717  0.1973
100309  90.2  1  0.0000  0.1366
100309  90.2  2  0.0006  0.0171
100309  90.1  3  0.0022 -0.1029
100309  90.1  4  0.0046 -0.2466
100309  90.2  5  0.0074 -0.3559
100309  90.2  6  0.0105 -0.4516
100309  90.0  7  0.0137 -0.4855
100309  90.0  8  0.0172 -0.5241
100309  90.2  9  0.0208 -0.5760
100309  90.2 10  0.0282 -0.6015
100309  90.2 11  0.0358 -0.6287
100309  90.2 12  0.0435 -0.6444
100309  90.1 13  0.0555 -0.6748
100309  90.2 14  0.0674 -0.6956
100309  90.2 15  0.0876 -0.7052
100309  90.1 16  0.1079 -0.7124
100309  90.2 17  0.1284 -0.7136
100309  90.2 18  0.1489 -0.7410
100309  90.2 19  0.1901 -0.7314
100309  90.2 20  0.2315 -0.7416
100309  90.2 21  0.2728 -0.7568
100309  90.2 22  0.3145 -0.7372
100309  90.0 23  0.3561 -0.7324
100309  89.9 24  0.3978 -0.7175
100309  90.0 25  0.4394 -0.7395
100309  90.1 26  0.4811 -0.7414
100309  90.2 27  0.5228 -0.6965
100309  90.2 28  0.5644 -0.6591
100309  90.1 29  0.6061 -0.6200
100309  90.2 30  0.6478 -0.5910
100309  90.1 31  0.6894 -0.5348
100309  90.1 32  0.7309 -0.4902
100309  90.2 33  0.7725 -0.4532
100309  90.2 34  0.8139 -0.3290
100309  90.1 35  0.8346 -0.2510
100309  90.1 36  0.8552 -0.1937
100309  90.2 37  0.8758 -0.0973
100309  90.2 38  0.9166  0.0170
100309  90.2 39  0.9365  0.0663
100309  90.1 40  0.9544  0.1255
100309  90.0 41  0.9717  0.1876
100310   0.2  1  0.0000  0.0992
100310   0.2  2  0.0006  0.5750
100310   0.2  3  0.0022  0.8683
100310   0.2  4  0.0046  0.9852
100310   0.2  5  0.0074  1.0061
100310   0.2  6  0.0105  0.9969
100310   0.2  7  0.0137  0.9741
100310   0.2  8  0.0172  0.9392
100310   0.2  9  0.0208  0.9004
100310   0.2 10  0.0282  0.8457
100310   0.2 11  0.0358  0.7908
100310   0.2 12  0.0435  0.7490
100310   0.2 13  0.0555  0.6830
100310   0.2 14  0.0674  0.6351
100310   0.2 15  0.0876  0.5777
100310   0.2 16  0.1079  0.5329
100310   0.2 17  0.1284  0.4930
100310   0.2 18  0.1489  0.4628
100310   0.2 19  0.1901  0.4194
100310   0.2 20  0.2315  0.3746
100310   0.2 21  0.2728  0.3347
100310   0.2 22  0.3145  0.3061
100310   0.2 23  0.3561  0.2827
100310   0.2 24  0.3978  0.2616
100310   0.2 25  0.4394  0.2285
100310   0.2 26  0.4811  0.1829
100310   0.2 27  0.5228  0.1809
100310   0.2 28  0.5644  0.1646
100310   0.2 29  0.6061  0.1485
100310   0.2 30  0.6478  0.1263
100310   0.2 31  0.6894  0.1004
100310   0.2 32  0.7309  0.0703
100310   0.2 33  0.7725  0.0088
100310   0.2 34  0.8139  0.0063
100310   0.2 35  0.8346 -0.0064
100310   0.2 36  0.8552 -0.0145
100310   0.2 37  0.8758 -0.0402
100310   0.2 38  0.9166 -0.0517
100310   0.2 39  0.9365 -0.0738
100310   0.2 40  0.9544 -0.0323
100310   0.2 41  0.9717  0.2099
100311   0.2  1  0.0000  0.0972
100311   0.2  2  0.0006  0.5709
100311   0.2  3  0.0022  0.8665
100311   0.2  4  0.0046  0.9860
100311   0.2  5  0.0074  1.0135
100311   0.2  6  0.0105  0.9992
100311   0.2  7  0.0137  0.9726
100311   0.2  8  0.0172  0.9372
100311   0.2  9  0.0208  0.9057
100311   0.2 10  0.0282  0.8460
100311   0.2 11  0.0358  0.7946
100311   0.2 12  0.0435  0.7446
100311   0.2 13  0.0555  0.6869
100311   0.2 14  0.0674  0.6353
100311   0.1 15  0.0876  0.5786
100311   0.1 16  0.1079  0.5359
100311   0.2 17  0.1284  0.5005
100311   0.1 18  0.1489  0.4622
100311   0.2 19  0.1901  0.4103
100311   0.2 20  0.2315  0.3765
100311   0.2 21  0.2728  0.3323
100311   0.2 22  0.3145  0.3082
100311   0.1 23  0.3561  0.2784
100311   0.2 24  0.3978  0.2569
100311   0.1 25  0.4394  0.2235
100311   0.2 26  0.4811  0.1799
100311   0.2 27  0.5228  0.1832
100311   0.2 28  0.5644  0.1642
100311   0.2 29  0.6061  0.1534
100311   0.2 30  0.6478  0.1221
100311   0.2 31  0.6894  0.1042
100311   0.2 32  0.7309  0.0723
100311   0.2 33  0.7725  0.0118
100311   0.2 34  0.8139  0.0112
100311   0.2 35  0.8346 -0.0007
100311   0.1 36  0.8552 -0.0205
100311   0.2 37  0.8758 -0.0397
100311   0.2 38  0.9166 -0.0563
100311   0.2 39  0.9365 -0.0774
100311   0.2 40  0.9544 -0.0294
100311   0.2 41  0.9717  0.2095
100312  90.2  1  0.0000  0.1543
100312  90.2  2  0.0006  0.0233
100312  90.2  3  0.0022 -0.0876
100312  90.2  4  0.0046 -0.2287
100312  90.2  5  0.0074 -0.3347
100312  90.2  6  0.0105 -0.4376
100312  90.2  7  0.0137 -0.4688
100312  90.2  8  0.0172 -0.5028
100312  90.2  9  0.0208 -0.5697
100312  90.2 10  0.0282 -0.5920
100312  90.2 11  0.0358 -0.6134
100312  90.2 12  0.0435 -0.6279
100312  90.2 13  0.0555 -0.6574
100312  90.2 14  0.0674 -0.6945
100312  90.2 15  0.0876 -0.7041
100312  90.2 16  0.1079 -0.6992
100312  90.2 17  0.1284 -0.7093
100312  90.2 18  0.1489 -0.7323
100312  90.2 19  0.1901 -0.7173
100312  90.2 20  0.2315 -0.7270
100312  90.2 21  0.2728 -0.7543
100312  90.2 22  0.3145 -0.7265
100312  90.2 23  0.3561 -0.7242
100312  90.2 24  0.3978 -0.7190
100312  90.2 25  0.4394 -0.7303
100312  90.2 26  0.4811 -0.7312
100312  90.2 27  0.5228 -0.6884
100312  90.2 28  0.5644 -0.6513
100312  90.2 29  0.6061 -0.6128
100312  90.2 30  0.6478 -0.5851
100312  90.2 31  0.6894 -0.5485
100312  90.2 32  0.7309 -0.4948
100312  90.2 33  0.7725 -0.4558
100312  90.2 34  0.8139 -0.3321
100312  90.2 35  0.8346 -0.2699
100312  90.2 36  0.8552 -0.2142
100312  90.2 37  0.8758 -0.1323
100312  90.2 38  0.9166  0.0106
100312  90.2 39  0.9365  0.0623
100312  90.2 40  0.9544  0.1142
100312  90.2 41  0.9717  0.1846
100313  92.6  1  0.0000  0.1509
100313  92.6  2  0.0006 -0.0063
100313  92.6  3  0.0022 -0.1198
100313  92.6  4  0.0046 -0.2730
100313  92.6  5  0.0074 -0.3769
100313  92.6  6  0.0105 -0.4767
100313  92.6  7  0.0137 -0.5030
100313  92.6  8  0.0172 -0.5342
100313  92.6  9  0.0208 -0.5991
100313  92.6 10  0.0282 -0.6118
100313  92.6 11  0.0358 -0.6440
100313  92.6 12  0.0435 -0.6574
100313  92.6 13  0.0555 -0.6824
100313  92.6 14  0.0674 -0.7101
100313  92.6 15  0.0876 -0.7180
100313  92.6 16  0.1079 -0.7207
100313  92.6 17  0.1284 -0.7186
100313  92.6 18  0.1489 -0.7459
100313  92.6 19  0.1901 -0.7277
100313  92.6 20  0.2315 -0.7335
100313  92.6 21  0.2728 -0.7549
100313  92.6 22  0.3145 -0.7320
100313  92.6 23  0.3561 -0.7261
100313  92.6 24  0.3978 -0.7174
100313  92.6 25  0.4394 -0.7277
100313  92.6 26  0.4811 -0.7194
100313  92.6 27  0.5228 -0.6770
100313  92.6 28  0.5644 -0.6376
100313  92.6 29  0.6061 -0.5939
100313  92.6 30  0.6478 -0.5672
100313  92.6 31  0.6894 -0.5171
100313  92.6 32  0.7309 -0.4668
100313  92.6 33  0.7725 -0.4095
100313  92.6 34  0.8139 -0.2733
100313  92.6 35  0.8346 -0.2197
100313  92.6 36  0.8552 -0.1305
100313  92.6 37  0.8758 -0.0924
100313  92.6 38  0.9166  0.0198
100313  92.6 39  0.9365  0.0694
100313  92.6 40  0.9544  0.1172
100313  92.6 41  0.9717  0.1900
100314  95.2  1  0.0000  0.1525
100314  95.1  2  0.0006 -0.0200
100314  95.2  3  0.0022 -0.1488
100314  95.2  4  0.0046 -0.3072
100314  95.2  5  0.0074 -0.4065
100314  95.1  6  0.0105 -0.5109
100314  95.2  7  0.0137 -0.5346
100314  95.2  8  0.0172 -0.5718
100314  95.2  9  0.0208 -0.6252
100314  95.2 10  0.0282 -0.6467
100314  95.2 11  0.0358 -0.6663
100314  95.2 12  0.0435 -0.6757
100314  95.2 13  0.0555 -0.6970
100314  95.2 14  0.0674 -0.7219
100314  95.2 15  0.0876 -0.7338
100314  95.2 16  0.1079 -0.7279
100314  95.2 17  0.1284 -0.7267
100314  95.2 18  0.1489 -0.7512
100314  95.2 19  0.1901 -0.7332
100314  95.1 20  0.2315 -0.7369
100314  95.2 21  0.2728 -0.7533
100314  95.1 22  0.3145 -0.7299
100314  95.1 23  0.3561 -0.7202
100314  95.2 24  0.3978 -0.7086
100314  95.2 25  0.4394 -0.7189
100314  95.2 26  0.4811 -0.7085
100314  95.2 27  0.5228 -0.6611
100314  95.2 28  0.5644 -0.6178
100314  95.1 29  0.6061 -0.5700
100314  95.2 30  0.6478 -0.5376
100314  95.1 31  0.6894 -0.4889
100314  95.1 32  0.7309 -0.4244
100314  95.2 33  0.7725 -0.3534
100314  95.2 34  0.8139 -0.2153
100314  95.2 35  0.8346 -0.1466
100314  95.1 36  0.8552 -0.0955
100314  95.2 37  0.8758 -0.0614
100314  95.1 38  0.9166  0.0224
100314  95.1 39  0.9365  0.0641
100314  95.2 40  0.9544  0.1154
100314  95.2 41  0.9717  0.1943
100315  97.6  1  0.0000  0.1541
100315  97.5  2  0.0006 -0.0322
100315  97.6  3  0.0022 -0.1807
100315  97.6  4  0.0046 -0.3457
100315  97.6  5  0.0074 -0.4418
100315  97.6  6  0.0105 -0.5445
100315  97.5  7  0.0137 -0.5580
100315  97.6  8  0.0172 -0.5957
100315  97.6  9  0.0208 -0.6502
100315  97.6 10  0.0282 -0.6633
100315  97.6 11  0.0358 -0.6916
100315  97.6 12  0.0435 -0.6916
100315  97.6 13  0.0555 -0.7160
100315  97.6 14  0.0674 -0.7384
100315  97.6 15  0.0876 -0.7342
100315  97.6 16  0.1079 -0.7314
100315  97.6 17  0.1284 -0.7347
100315  97.6 18  0.1489 -0.7485
100315  97.6 19  0.1901 -0.7309
100315  97.6 20  0.2315 -0.7378
100315  97.6 21  0.2728 -0.7502
100315  97.6 22  0.3145 -0.7206
100315  97.6 23  0.3561 -0.7111
100315  97.6 24  0.3978 -0.6975
100315  97.5 25  0.4394 -0.7033
100315  97.6 26  0.4811 -0.6904
100315  97.6 27  0.5228 -0.6423
100315  97.6 28  0.5644 -0.5933
100315  97.6 29  0.6061 -0.5474
100315  97.6 30  0.6478 -0.5008
100315  97.6 31  0.6894 -0.4489
100315  97.6 32  0.7309 -0.3742
100315  97.5 33  0.7725 -0.3003
100315  97.6 34  0.8139 -0.1627
100315  97.6 35  0.8346 -0.1143
100315  97.6 36  0.8552 -0.0975
100315  97.6 37  0.8758 -0.0647
100315  97.5 38  0.9166  0.0181
100315  97.6 39  0.9365  0.0656
100315  97.6 40  0.9544  0.1072
100315  97.5 41  0.9717  0.2073
100316 100.1  1  0.0000  0.1560
100316 100.1  2  0.0006 -0.0617
100316 100.1  3  0.0022 -0.2110
100316 100.1  4  0.0046 -0.3816
100316 100.1  5  0.0074 -0.4851
100316 100.1  6  0.0105 -0.5696
100316 100.1  7  0.0137 -0.5996
100316 100.1  8  0.0172 -0.6224
100316 100.1  9  0.0208 -0.6693
100316 100.1 10  0.0282 -0.6831
100316 100.1 11  0.0358 -0.7054
100316 100.1 12  0.0435 -0.7085
100316 100.1 13  0.0555 -0.7247
100316 100.1 14  0.0674 -0.7463
100316 100.1 15  0.0876 -0.7438
100316 100.1 16  0.1079 -0.7366
100316 100.1 17  0.1284 -0.7385
100316 100.1 18  0.1489 -0.7487
100316 100.1 19  0.1901 -0.7269
100316 100.1 20  0.2315 -0.7253
100316 100.1 21  0.2728 -0.7380
100316 100.1 22  0.3145 -0.7107
100316 100.1 23  0.3561 -0.6985
100316 100.1 24  0.3978 -0.6796
100316 100.1 25  0.4394 -0.6803
100316 100.1 26  0.4811 -0.6640
100316 100.0 27  0.5228 -0.6165
100316 100.1 28  0.5644 -0.5609
100316 100.1 29  0.6061 -0.5022
100316 100.1 30  0.6478 -0.4550
100316 100.1 31  0.6894 -0.3821
100316 100.1 32  0.7309 -0.3125
100316 100.1 33  0.7725 -0.2161
100316 100.1 34  0.8139 -0.1226
100316 100.1 35  0.8346 -0.0918
100316 100.1 36  0.8552 -0.0832
100316 100.1 37  0.8758 -0.0461
100316 100.1 38  0.9166  0.0203
100316 100.1 39  0.9365  0.0508
100316 100.1 40  0.9544  0.1073
100316 100.1 41  0.9717  0.2187
100317 102.5  1  0.0000  0.1475
100317 102.5  2  0.0006 -0.0834
100317 102.5  3  0.0022 -0.2422
100317 102.5  4  0.0046 -0.4122
100317 102.5  5  0.0074 -0.5070
100317 102.5  6  0.0105 -0.5944
100317 102.5  7  0.0137 -0.6249
100317 102.5  8  0.0172 -0.6522
100317 102.5  9  0.0208 -0.6971
100317 102.5 10  0.0282 -0.7067
100317 102.5 11  0.0358 -0.7184
100317 102.5 12  0.0435 -0.7223
100317 102.5 13  0.0555 -0.7358
100317 102.5 14  0.0674 -0.7563
100317 102.5 15  0.0876 -0.7466
100317 102.5 16  0.1079 -0.7418
100317 102.5 17  0.1284 -0.7324
100317 102.5 18  0.1489 -0.7492
100317 102.5 19  0.1901 -0.7256
100317 102.5 20  0.2315 -0.7273
100317 102.5 21  0.2728 -0.7282
100317 102.5 22  0.3145 -0.7012
100317 102.5 23  0.3561 -0.6831
100317 102.5 24  0.3978 -0.6618
100317 102.5 25  0.4394 -0.6599
100317 102.5 26  0.4811 -0.6403
100317 102.5 27  0.5228 -0.5830
100317 102.5 28  0.5644 -0.5241
100317 102.5 29  0.6061 -0.4651
100317 102.5 30  0.6478 -0.4089
100317 102.5 31  0.6894 -0.3306
100317 102.5 32  0.7309 -0.2374
100317 102.5 33  0.7725 -0.1662
100317 102.5 34  0.8139 -0.1117
100317 102.5 35  0.8346 -0.0808
100317 102.5 36  0.8552 -0.0742
100317 102.5 37  0.8758 -0.0566
100317 102.5 38  0.9166  0.0196
100317 102.5 39  0.9365  0.0607
100317 102.5 40  0.9544  0.1040
100317 102.5 41  0.9717  0.2212
100318 105.1  1  0.0000  0.1510
100318 105.1  2  0.0006 -0.1106
100318 105.1  3  0.0022 -0.2754
100318 105.1  4  0.0046 -0.4401
100318 105.1  5  0.0074 -0.5414
100318 105.1  6  0.0105 -0.6325
100318 105.1  7  0.0137 -0.6433
100318 105.1  8  0.0172 -0.6670
100318 105.1  9  0.0208 -0.7170
100318 105.1 10  0.0282 -0.7139
100318 105.1 11  0.0358 -0.7291
100318 105.1 12  0.0435 -0.7325
100318 105.1 13  0.0555 -0.7346
100318 105.1 14  0.0674 -0.7584
100318 105.1 15  0.0876 -0.7471
100318 105.1 16  0.1079 -0.7350
100318 105.1 17  0.1284 -0.7290
100318 105.1 18  0.1489 -0.7493
100318 105.1 19  0.1901 -0.7170
100318 105.1 20  0.2315 -0.7014
100318 105.1 21  0.2728 -0.7110
100318 105.1 22  0.3145 -0.6751
100318 105.1 23  0.3561 -0.6613
100318 105.1 24  0.3978 -0.6353
100318 105.1 25  0.4394 -0.6256
100318 105.1 26  0.4811 -0.5970
100318 105.1 27  0.5228 -0.5365
100318 105.1 28  0.5644 -0.4761
100318 105.1 29  0.6061 -0.3994
100318 105.1 30  0.6478 -0.3429
100318 105.1 31  0.6894 -0.2543
100318 105.1 32  0.7309 -0.1897
100318 105.1 33  0.7725 -0.1329
100318 105.1 34  0.8139 -0.0959
100318 105.1 35  0.8346 -0.0786
100318 105.1 36  0.8552 -0.0712
100318 105.1 37  0.8758 -0.0479
100318 105.0 38  0.9166  0.0100
100318 105.1 39  0.9365  0.0586
100318 105.1 40  0.9544  0.1077
100318 105.1 41  0.9717  0.2172
100319 107.7  1  0.0000  0.1463
100319 107.7  2  0.0006 -0.1267
100319 107.7  3  0.0022 -0.3046
100319 107.7  4  0.0046 -0.4719
100319 107.6  5  0.0074 -0.5613
100319 107.7  6  0.0105 -0.6464
100319 107.7  7  0.0137 -0.6704
100319 107.7  8  0.0172 -0.6878
100319 107.7  9  0.0208 -0.7254
100319 107.7 10  0.0282 -0.7283
100319 107.7 11  0.0358 -0.7353
100319 107.7 12  0.0435 -0.7352
100319 107.7 13  0.0555 -0.7439
100319 107.7 14  0.0674 -0.7552
100319 107.7 15  0.0876 -0.7424
100319 107.7 16  0.1079 -0.7286
100319 107.7 17  0.1284 -0.7182
100319 107.7 18  0.1489 -0.7265
100319 107.7 19  0.1901 -0.6959
100319 107.7 20  0.2315 -0.6969
100319 107.7 21  0.2728 -0.6887
100319 107.7 22  0.3145 -0.6550
100319 107.7 23  0.3561 -0.6289
100319 107.7 24  0.3978 -0.6024
100319 107.7 25  0.4394 -0.5937
100319 107.7 26  0.4811 -0.5574
100319 107.7 27  0.5228 -0.4874
100319 107.7 28  0.5644 -0.4264
100319 107.7 29  0.6061 -0.3491
100319 107.7 30  0.6478 -0.2736
100319 107.7 31  0.6894 -0.2066
100319 107.7 32  0.7309 -0.1595
100319 107.7 33  0.7725 -0.1263
100319 107.7 34  0.8139 -0.0929
100319 107.7 35  0.8346 -0.0871
100319 107.7 36  0.8552 -0.0700
100319 107.7 37  0.8758 -0.0649
100319 107.6 38  0.9166  0.0100
100319 107.7 39  0.9365  0.0533
100319 107.7 40  0.9544  0.1100
100319 107.7 41  0.9717  0.2172
100320 110.0  1  0.0000  0.1456
100320 110.0  2  0.0006 -0.1502
100320 110.0  3  0.0022 -0.3233
100320 110.0  4  0.0046 -0.4993
100320 110.0  5  0.0074 -0.5799
100320 110.0  6  0.0105 -0.6677
100320 110.0  7  0.0137 -0.6838
100320 110.0  8  0.0172 -0.7133
100320 110.0  9  0.0208 -0.7452
100320 110.0 10  0.0282 -0.7357
100320 110.0 11  0.0358 -0.7423
100320 110.0 12  0.0435 -0.7416
100320 110.0 13  0.0555 -0.7418
100320 110.0 14  0.0674 -0.7560
100320 110.0 15  0.0876 -0.7386
100320 110.0 16  0.1079 -0.7232
100320 110.0 17  0.1284 -0.7081
100320 110.0 18  0.1489 -0.7183
100320 110.0 19  0.1901 -0.6829
100320 110.0 20  0.2315 -0.6738
100320 110.0 21  0.2728 -0.6682
100320 110.0 22  0.3145 -0.6268
100320 110.0 23  0.3561 -0.6028
100320 110.0 24  0.3978 -0.5744
100320 110.0 25  0.4394 -0.5439
100320 110.0 26  0.4811 -0.5106
100320 110.0 27  0.5228 -0.4365
100320 110.0 28  0.5644 -0.3680
100320 110.0 29  0.6061 -0.2863
100320 110.0 30  0.6478 -0.2240
100320 110.0 31  0.6894 -0.1763
100320 110.0 32  0.7309 -0.1452
100320 110.0 33  0.7725 -0.1287
100320 110.0 34  0.8139 -0.0849
100320 110.0 35  0.8346 -0.0907
100320 110.0 36  0.8552 -0.0751
100320 110.0 37  0.8758 -0.0658
100320 110.0 38  0.9166  0.0031
100320 110.0 39  0.9365  0.0539
100320 110.0 40  0.9544  0.1191
100320 110.0 41  0.9717  0.2192
100321 112.6  1  0.0000  0.1494
100321 112.7  2  0.0006 -0.1756
100321 112.7  3  0.0022 -0.3602
100321 112.7  4  0.0046 -0.5271
100321 112.6  5  0.0074 -0.5669
100321 112.6  6  0.0105 -0.6909
100321 112.7  7  0.0137 -0.7029
100321 112.6  8  0.0172 -0.7170
100321 112.6  9  0.0208 -0.7483
100321 112.7 10  0.0282 -0.7436
100321 112.7 11  0.0358 -0.7398
100321 112.7 12  0.0435 -0.7167
100321 112.7 13  0.0555 -0.7388
100321 112.7 14  0.0674 -0.7455
100321 112.7 15  0.0876 -0.7275
100321 112.6 16  0.1079 -0.7111
100321 112.7 17  0.1284 -0.6985
100321 112.7 18  0.1489 -0.7019
100321 112.7 19  0.1901 -0.6664
100321 112.6 20  0.2315 -0.6496
100321 112.7 21  0.2728 -0.6461
100321 112.7 22  0.3145 -0.6011
100321 112.6 23  0.3561 -0.5705
100321 112.6 24  0.3978 -0.5342
100321 112.7 25  0.4394 -0.5005
100321 112.6 26  0.4811 -0.4537
100321 112.6 27  0.5228 -0.3763
100321 112.6 28  0.5644 -0.2994
100321 112.7 29  0.6061 -0.2388
100321 112.6 30  0.6478 -0.1889
100321 112.6 31  0.6894 -0.1670
100321 112.7 32  0.7309 -0.1447
100321 112.6 33  0.7725 -0.1211
100321 112.6 34  0.8139 -0.1007
100321 112.6 35  0.8346 -0.0861
100321 112.7 36  0.8552 -0.0787
100321 112.6 37  0.8758 -0.0771
100321 112.6 38  0.9166 -0.0058
100321 112.6 39  0.9365  0.0519
100321 112.6 40  0.9544  0.1204
100321 112.6 41  0.9717  0.2086
100322 114.9  1  0.0000  0.1492
100322 115.0  2  0.0006 -0.1983
100322 114.9  3  0.0022 -0.3785
100322 115.0  4  0.0046 -0.5440
100322 115.0  5  0.0074 -0.5732
100322 115.0  6  0.0105 -0.7051
100322 114.9  7  0.0137 -0.7090
100322 115.0  8  0.0172 -0.7019
100322 114.9  9  0.0208 -0.7565
100322 115.0 10  0.0282 -0.7471
100322 115.0 11  0.0358 -0.7357
100322 115.0 12  0.0435 -0.7197
100322 115.0 13  0.0555 -0.7334
100322 115.0 14  0.0674 -0.7389
100322 115.0 15  0.0876 -0.7112
100322 115.0 16  0.1079 -0.7001
100322 115.0 17  0.1284 -0.6783
100322 114.9 18  0.1489 -0.6819
100322 114.9 19  0.1901 -0.6456
100322 115.0 20  0.2315 -0.6245
100322 115.0 21  0.2728 -0.6187
100322 115.0 22  0.3145 -0.5670
100322 115.0 23  0.3561 -0.5287
100322 115.0 24  0.3978 -0.4917
100322 114.9 25  0.4394 -0.4458
100322 115.0 26  0.4811 -0.3921
100322 114.9 27  0.5228 -0.3134
100322 114.9 28  0.5644 -0.2504
100322 114.9 29  0.6061 -0.2056
100322 114.9 30  0.6478 -0.1789
100322 114.9 31  0.6894 -0.1588
100322 115.0 32  0.7309 -0.1421
100322 115.0 33  0.7725 -0.1325
100322 115.0 34  0.8139 -0.1001
100322 115.0 35  0.8346 -0.0873
100322 114.9 36  0.8552 -0.0848
100322 115.0 37  0.8758 -0.0824
100322 115.0 38  0.9166  0.0018
100322 115.0 39  0.9365  0.0563
100322 114.9 40  0.9544  0.1127
100322 114.9 41  0.9717  0.2077
100323 117.5  1  0.0000  0.1522
100323 117.5  2  0.0006 -0.2140
100323 117.5  3  0.0022 -0.3936
100323 117.5  4  0.0046 -0.5639
100323 117.5  5  0.0074 -0.5941
100323 117.5  6  0.0105 -0.7156
100323 117.5  7  0.0137 -0.7240
100323 117.5  8  0.0172 -0.7118
100323 117.5  9  0.0208 -0.7611
100323 117.5 10  0.0282 -0.7287
100323 117.5 11  0.0358 -0.7271
100323 117.5 12  0.0435 -0.7074
100323 117.5 13  0.0555 -0.7189
100323 117.5 14  0.0674 -0.7308
100323 117.5 15  0.0876 -0.6973
100323 117.5 16  0.1079 -0.6792
100323 117.5 17  0.1284 -0.6553
100323 117.5 18  0.1489 -0.6614
100323 117.5 19  0.1901 -0.6225
100323 117.5 20  0.2315 -0.5944
100323 117.5 21  0.2728 -0.5750
100323 117.5 22  0.3145 -0.5272
100323 117.5 23  0.3561 -0.4851
100323 117.5 24  0.3978 -0.4299
100323 117.5 25  0.4394 -0.3845
100323 117.5 26  0.4811 -0.3303
100323 117.5 27  0.5228 -0.2641
100323 117.5 28  0.5644 -0.2214
100323 117.5 29  0.6061 -0.1948
100323 117.5 30  0.6478 -0.1749
100323 117.5 31  0.6894 -0.1588
100323 117.5 32  0.7309 -0.1416
100323 117.5 33  0.7725 -0.1308
100323 117.5 34  0.8139 -0.1045
100323 117.5 35  0.8346 -0.0924
100323 117.5 36  0.8552 -0.0799
100323 117.5 37  0.8758 -0.0823
100323 117.5 38  0.9166 -0.0014
100323 117.5 39  0.9365  0.0582
100323 117.5 40  0.9544  0.1095
100323 117.5 41  0.9717  0.2018
100324 119.9  1  0.0000  0.1520
100324 119.9  2  0.0006 -0.2311
100324 119.9  3  0.0022 -0.4200
100324 119.9  4  0.0046 -0.5885
100324 119.9  5  0.0074 -0.6081
100324 119.9  6  0.0105 -0.7272
100324 119.9  7  0.0137 -0.7349
100324 119.9  8  0.0172 -0.7133
100324 119.9  9  0.0208 -0.7679
100324 119.9 10  0.0282 -0.7176
100324 119.9 11  0.0358 -0.7267
100324 119.9 12  0.0435 -0.6961
100324 119.6 13  0.0555 -0.7154
100324 119.9 14  0.0674 -0.7129
100324 119.9 15  0.0876 -0.6802
100324 119.9 16  0.1079 -0.6620
100324 119.9 17  0.1284 -0.6415
100324 119.9 18  0.1489 -0.6395
100324 119.9 19  0.1901 -0.5956
100324 119.9 20  0.2315 -0.5659
100324 119.9 21  0.2728 -0.5367
100324 119.9 22  0.3145 -0.4887
100324 119.9 23  0.3561 -0.4367
100324 119.9 24  0.3978 -0.3851
100324 119.9 25  0.4394 -0.3326
100324 119.9 26  0.4811 -0.2862
100324 119.9 27  0.5228 -0.2395
100324 119.9 28  0.5644 -0.2154
100324 119.9 29  0.6061 -0.1949
100324 119.9 30  0.6478 -0.1752
100324 119.9 31  0.6894 -0.1577
100324 119.9 32  0.7309 -0.1408
100324 119.9 33  0.7725 -0.1407
100324 119.9 34  0.8139 -0.1105
100324 119.9 35  0.8346 -0.0964
100324 119.9 36  0.8552 -0.0860
100324 119.9 37  0.8758 -0.0824
100324 119.9 38  0.9166 -0.0069
100324 119.9 39  0.9365  0.0562
100324 119.9 40  0.9544  0.0998
100324 119.9 41  0.9717  0.2042
100325 122.5  1  0.0000  0.1517
100325 122.5  2  0.0006 -0.2485
100325 122.5  3  0.0022 -0.4476
100325 122.5  4  0.0046 -0.6075
100325 122.5  5  0.0074 -0.6407
100325 122.5  6  0.0105 -0.7426
100325 122.5  7  0.0137 -0.7404
100325 122.5  8  0.0172 -0.7245
100325 122.5  9  0.0208 -0.7621
100325 122.5 10  0.0282 -0.7209
100325 122.5 11  0.0358 -0.7301
100325 122.5 12  0.0435 -0.6929
100325 122.5 13  0.0555 -0.6984
100325 122.5 14  0.0674 -0.7025
100325 122.5 15  0.0876 -0.6641
100325 122.5 16  0.1079 -0.6374
100325 122.5 17  0.1284 -0.6181
100325 122.5 18  0.1489 -0.6062
100325 122.5 19  0.1901 -0.5596
100325 122.5 20  0.2315 -0.5323
100325 122.5 21  0.2728 -0.4962
100325 122.5 22  0.3145 -0.4385
100325 122.5 23  0.3561 -0.3826
100325 122.5 24  0.3978 -0.3236
100325 122.5 25  0.4394 -0.2823
100325 122.5 26  0.4811 -0.2590
100325 122.5 27  0.5228 -0.2324
100325 122.5 28  0.5644 -0.2113
100325 122.5 29  0.6061 -0.1862
100325 122.5 30  0.6478 -0.1778
100325 122.5 31  0.6894 -0.1604
100325 122.5 32  0.7309 -0.1511
100325 122.5 33  0.7725 -0.1405
100325 122.5 34  0.8139 -0.1066
100325 122.5 35  0.8346 -0.0955
100325 122.5 36  0.8552 -0.0825
100325 122.5 37  0.8758 -0.0763
100325 122.5 38  0.9166 -0.0004
100325 122.5 39  0.9365  0.0430
100325 122.5 40  0.9544  0.0967
100325 122.5 41  0.9717  0.1983
100326 125.2  1  0.0000  0.1424
100326 125.2  2  0.0006 -0.2689
100326 125.2  3  0.0022 -0.4543
100326 125.2  4  0.0046 -0.6285
100326 125.2  5  0.0074 -0.6346
100326 125.2  6  0.0105 -0.7506
100326 125.1  7  0.0137 -0.7506
100326 125.2  8  0.0172 -0.7274
100326 125.2  9  0.0208 -0.7581
100326 125.2 10  0.0282 -0.7034
100326 125.2 11  0.0358 -0.7067
100326 125.2 12  0.0435 -0.6809
100326 125.2 13  0.0555 -0.6841
100326 125.1 14  0.0674 -0.6810
100326 125.2 15  0.0876 -0.6415
100326 125.2 16  0.1079 -0.6142
100326 125.2 17  0.1284 -0.5902
100326 125.2 18  0.1489 -0.5789
100326 125.2 19  0.1901 -0.5240
100326 125.2 20  0.2315 -0.4832
100326 125.2 21  0.2728 -0.4420
100326 125.2 22  0.3145 -0.3761
100326 125.2 23  0.3561 -0.3304
100326 125.2 24  0.3978 -0.2878
100326 125.1 25  0.4394 -0.2643
100326 125.1 26  0.4811 -0.2453
100326 125.2 27  0.5228 -0.2244
100326 125.1 28  0.5644 -0.2103
100326 125.1 29  0.6061 -0.1902
100326 125.2 30  0.6478 -0.1751
100326 125.2 31  0.6894 -0.1590
100326 125.2 32  0.7309 -0.1467
100326 125.2 33  0.7725 -0.1438
100326 125.1 34  0.8139 -0.1108
100326 125.2 35  0.8346 -0.0930
100326 125.2 36  0.8552 -0.0833
100326 125.2 37  0.8758 -0.0750
100326 125.2 38  0.9166  0.0071
100326 125.2 39  0.9365  0.0401
100326 125.2 40  0.9544  0.0936
100326 125.2 41  0.9717  0.1949
100327 127.5  1  0.0000  0.1455
100327 127.5  2  0.0006 -0.2848
100327 127.5  3  0.0022 -0.4800
100327 127.5  4  0.0046 -0.6464
100327 127.5  5  0.0074 -0.7030
100327 127.5  6  0.0105 -0.7566
100327 127.5  7  0.0137 -0.7544
100327 127.5  8  0.0172 -0.7291
100327 127.5  9  0.0208 -0.7612
100327 127.5 10  0.0282 -0.7079
100327 127.5 11  0.0358 -0.7004
100327 127.5 12  0.0435 -0.6708
100327 127.5 13  0.0555 -0.6713
100327 127.5 14  0.0674 -0.6633
100327 127.5 15  0.0876 -0.6187
100327 127.5 16  0.1079 -0.5908
100327 127.5 17  0.1284 -0.5684
100327 127.5 18  0.1489 -0.5521
100327 127.5 19  0.1901 -0.4955
100327 127.5 20  0.2315 -0.4509
100327 127.5 21  0.2728 -0.4025
100327 127.5 22  0.3145 -0.3408
100327 127.5 23  0.3561 -0.2937
100327 127.5 24  0.3978 -0.2703
100327 127.5 25  0.4394 -0.2508
100327 127.5 26  0.4811 -0.2419
100327 127.5 27  0.5228 -0.2225
100327 127.5 28  0.5644 -0.2058
100327 127.5 29  0.6061 -0.1957
100327 127.5 30  0.6478 -0.1799
100327 127.5 31  0.6894 -0.1616
100327 127.5 32  0.7309 -0.1553
100327 127.5 33  0.7725 -0.1457
100327 127.5 34  0.8139 -0.1130
100327 127.5 35  0.8346 -0.1039
100327 127.5 36  0.8552 -0.0934
100327 127.5 37  0.8758 -0.0741
100327 127.5 38  0.9166 -0.0004
100327 127.5 39  0.9365  0.0339
100327 127.5 40  0.9544  0.0792
100327 127.5 41  0.9717  0.1885
100328 130.1  1  0.0000  0.1477
100328 130.1  2  0.0006 -0.2983
100328 130.1  3  0.0022 -0.4928
100328 130.1  4  0.0046 -0.6530
100328 130.1  5  0.0074 -0.7122
100328 130.1  6  0.0105 -0.7570
100328 130.1  7  0.0137 -0.7541
100328 130.1  8  0.0172 -0.7196
100328 130.1  9  0.0208 -0.7548
100328 130.1 10  0.0282 -0.6986
100328 130.1 11  0.0358 -0.6863
100328 130.1 12  0.0435 -0.6525
100328 130.1 13  0.0555 -0.6489
100328 130.1 14  0.0674 -0.6415
100328 130.1 15  0.0876 -0.5971
100328 130.1 16  0.1079 -0.5639
100328 130.1 17  0.1284 -0.5348
100328 130.1 18  0.1489 -0.5194
100328 130.1 19  0.1901 -0.4612
100328 130.1 20  0.2315 -0.4093
100328 130.1 21  0.2728 -0.3552
100328 130.1 22  0.3145 -0.3019
100328 130.1 23  0.3561 -0.2743
100328 130.1 24  0.3978 -0.2616
100328 130.1 25  0.4394 -0.2450
100328 130.1 26  0.4811 -0.2499
100328 130.1 27  0.5228 -0.2249
100328 130.1 28  0.5644 -0.2060
100328 130.1 29  0.6061 -0.1912
100328 130.1 30  0.6478 -0.1803
100328 130.1 31  0.6894 -0.1699
100328 130.1 32  0.7309 -0.1590
100328 130.1 33  0.7725 -0.1619
100328 130.1 34  0.8139 -0.1130
100328 130.1 35  0.8346 -0.0970
100328 130.1 36  0.8552 -0.0865
100328 130.1 37  0.8758 -0.0742
100328 130.1 38  0.9166 -0.0059
100328 130.1 39  0.9365  0.0275
100328 130.1 40  0.9544  0.0846
100328 130.1 41  0.9717  0.1873
100329 132.4  1  0.0000  0.1475
100329 132.4  2  0.0006 -0.3118
100329 132.5  3  0.0022 -0.5095
100329 132.5  4  0.0046 -0.6640
100329 132.5  5  0.0074 -0.7261
100329 132.5  6  0.0105 -0.7496
100329 132.5  7  0.0137 -0.7563
100329 132.4  8  0.0172 -0.7197
100329 132.4  9  0.0208 -0.7457
100329 132.4 10  0.0282 -0.6860
100329 132.5 11  0.0358 -0.6766
100329 132.4 12  0.0435 -0.6407
100329 132.5 13  0.0555 -0.6285
100329 132.5 14  0.0674 -0.6225
100329 132.5 15  0.0876 -0.5718
100329 132.4 16  0.1079 -0.5370
100329 132.4 17  0.1284 -0.5026
100329 132.5 18  0.1489 -0.4904
100329 132.4 19  0.1901 -0.4207
100329 132.4 20  0.2315 -0.3669
100329 132.4 21  0.2728 -0.3205
100329 132.4 22  0.3145 -0.2829
100329 132.4 23  0.3561 -0.2720
100329 132.5 24  0.3978 -0.2535
100329 132.5 25  0.4394 -0.2482
100329 132.5 26  0.4811 -0.2453
100329 132.4 27  0.5228 -0.2263
100329 132.4 28  0.5644 -0.2161
100329 132.4 29  0.6061 -0.1924
100329 132.4 30  0.6478 -0.1852
100329 132.4 31  0.6894 -0.1671
100329 132.4 32  0.7309 -0.1566
100329 132.4 33  0.7725 -0.1611
100329 132.5 34  0.8139 -0.1175
100329 132.5 35  0.8346 -0.1083
100329 132.5 36  0.8552 -0.0933
100329 132.5 37  0.8758 -0.0757
100329 132.4 38  0.9166 -0.0073
100329 132.4 39  0.9365  0.0215
100329 132.4 40  0.9544  0.0824
100329 132.4 41  0.9717  0.1884
100330 135.0  1  0.0000  0.1446
100330 135.0  2  0.0006 -0.3318
100330 135.0  3  0.0022 -0.5287
100330 135.0  4  0.0046 -0.6783
100330 135.0  5  0.0074 -0.7333
100330 135.0  6  0.0105 -0.7455
100330 135.0  7  0.0137 -0.7450
100330 135.0  8  0.0172 -0.7329
100330 135.0  9  0.0208 -0.7410
100330 135.0 10  0.0282 -0.6742
100330 135.0 11  0.0358 -0.6606
100330 135.0 12  0.0435 -0.6273
100330 135.0 13  0.0555 -0.6172
100330 135.0 14  0.0674 -0.5916
100330 135.0 15  0.0876 -0.5434
100330 135.0 16  0.1079 -0.5088
100330 135.0 17  0.1284 -0.4747
100330 135.0 18  0.1489 -0.4459
100330 135.0 19  0.1901 -0.3849
100330 135.0 20  0.2315 -0.3371
100330 135.1 21  0.2728 -0.3013
100330 135.0 22  0.3145 -0.2714
100330 135.0 23  0.3561 -0.2630
100330 135.0 24  0.3978 -0.2609
100330 135.0 25  0.4394 -0.2527
100330 135.0 26  0.4811 -0.2599
100330 135.0 27  0.5228 -0.2311
100330 135.0 28  0.5644 -0.2214
100330 135.0 29  0.6061 -0.1944
100330 135.0 30  0.6478 -0.1868
100330 135.0 31  0.6894 -0.1694
100330 135.0 32  0.7309 -0.1676
100330 135.0 33  0.7725 -0.1692
100330 135.0 34  0.8139 -0.1219
100330 135.0 35  0.8346 -0.1086
100330 135.0 36  0.8552 -0.1035
100330 135.0 37  0.8758 -0.0828
100330 135.0 38  0.9166 -0.0166
100330 135.0 39  0.9365  0.0194
100330 135.0 40  0.9544  0.0804
100330 135.0 41  0.9717  0.1895
100331 137.4  1  0.0000  0.1465
100331 137.4  2  0.0006 -0.3442
100331 137.4  3  0.0022 -0.5428
100331 137.4  4  0.0046 -0.6888
100331 137.4  5  0.0074 -0.7391
100331 137.4  6  0.0105 -0.7497
100331 137.4  7  0.0137 -0.7457
100331 137.4  8  0.0172 -0.7404
100331 137.4  9  0.0208 -0.7318
100331 137.4 10  0.0282 -0.6653
100331 137.4 11  0.0358 -0.6449
100331 137.4 12  0.0435 -0.6046
100331 137.4 13  0.0555 -0.5904
100331 137.4 14  0.0674 -0.5712
100331 137.4 15  0.0876 -0.5169
100331 137.4 16  0.1079 -0.4833
100331 137.4 17  0.1284 -0.4480
100331 137.4 18  0.1489 -0.4213
100331 137.4 19  0.1901 -0.3507
100331 137.4 20  0.2315 -0.3138
100331 137.4 21  0.2728 -0.2861
100331 137.4 22  0.3145 -0.2670
100331 137.4 23  0.3561 -0.2649
100331 137.4 24  0.3978 -0.2612
100331 137.4 25  0.4394 -0.2586
100331 137.4 26  0.4811 -0.2741
100331 137.4 27  0.5228 -0.2333
100331 137.4 28  0.5644 -0.2211
100331 137.4 29  0.6061 -0.1986
100331 137.4 30  0.6478 -0.1912
100331 137.4 31  0.6894 -0.1754
100331 137.4 32  0.7309 -0.1777
100331 137.4 33  0.7725 -0.1899
100331 137.4 34  0.8139 -0.1381
100331 137.4 35  0.8346 -0.1216
100331 137.4 36  0.8552 -0.1040
100331 137.4 37  0.8758 -0.0857
100331 137.4 38  0.9166 -0.0112
100331 137.4 39  0.9365  0.0217
100331 137.4 40  0.9544  0.0762
100331 137.4 41  0.9717  0.1938
100332 140.0  1  0.0000  0.1474
100332 140.0  2  0.0006 -0.3627
100332 140.0  3  0.0022 -0.5570
100332 140.0  4  0.0046 -0.6984
100332 140.0  5  0.0074 -0.7457
100332 140.0  6  0.0105 -0.7486
100332 140.0  7  0.0137 -0.7426
100332 140.0  8  0.0172 -0.7270
100332 140.0  9  0.0208 -0.7211
100332 140.0 10  0.0282 -0.6511
100332 140.0 11  0.0358 -0.6344
100332 140.0 12  0.0435 -0.5905
100332 140.0 13  0.0555 -0.5631
100332 140.0 14  0.0674 -0.5474
100332 140.0 15  0.0876 -0.4912
100332 140.0 16  0.1079 -0.4514
100332 140.0 17  0.1284 -0.4212
100332 140.0 18  0.1489 -0.3893
100332 140.0 19  0.1901 -0.3267
100332 140.0 20  0.2315 -0.2954
100332 140.0 21  0.2728 -0.2815
100332 140.0 22  0.3145 -0.2679
100332 140.0 23  0.3561 -0.2664
100332 140.0 24  0.3978 -0.2717
100332 140.0 25  0.4394 -0.2568
100332 140.0 26  0.4811 -0.2700
100332 140.0 27  0.5228 -0.2313
100332 140.0 28  0.5644 -0.2146
100332 140.0 29  0.6061 -0.1996
100332 140.0 30  0.6478 -0.2014
100332 140.0 31  0.6894 -0.1968
100332 140.0 32  0.7309 -0.1954
100332 140.0 33  0.7725 -0.2031
100332 140.0 34  0.8139 -0.1379
100332 140.0 35  0.8346 -0.1309
100332 140.0 36  0.8552 -0.1091
100332 140.0 37  0.8758 -0.0775
100332 140.0 38  0.9166 -0.0169
100332 140.0 39  0.9365  0.0159
100332 140.0 40  0.9544  0.0724
100332 140.0 41  0.9717  0.1919
100333 142.4  1  0.0000  0.1492
100333 142.4  2  0.0006 -0.3687
100333 142.4  3  0.0022 -0.5658
100333 142.5  4  0.0046 -0.7079
100333 142.5  5  0.0074 -0.7571
100333 142.4  6  0.0105 -0.7488
100333 142.4  7  0.0137 -0.7231
100333 142.4  8  0.0172 -0.7182
100333 142.4  9  0.0208 -0.7089
100333 142.5 10  0.0282 -0.6398
100333 142.4 11  0.0358 -0.6140
100333 142.4 12  0.0435 -0.5788
100333 142.4 13  0.0555 -0.5555
100333 142.4 14  0.0674 -0.5305
100333 142.4 15  0.0876 -0.4669
100333 142.4 16  0.1079 -0.4259
100333 142.4 17  0.1284 -0.3963
100333 142.5 18  0.1489 -0.3614
100333 142.5 19  0.1901 -0.3136
100333 142.5 20  0.2315 -0.2889
100333 142.4 21  0.2728 -0.2761
100333 142.4 22  0.3145 -0.2705
100333 142.4 23  0.3561 -0.2577
100333 142.4 24  0.3978 -0.2483
100333 142.4 25  0.4394 -0.2437
100333 142.4 26  0.4811 -0.2561
100333 142.5 27  0.5228 -0.2324
100333 142.5 28  0.5644 -0.2265
100333 142.4 29  0.6061 -0.2217
100333 142.5 30  0.6478 -0.2255
100333 142.4 31  0.6894 -0.2124
100333 142.4 32  0.7309 -0.1987
100333 142.4 33  0.7725 -0.1879
100333 142.4 34  0.8139 -0.1399
100333 142.4 35  0.8346 -0.1228
100333 142.4 36  0.8552 -0.1054
100333 142.4 37  0.8758 -0.0821
100333 142.5 38  0.9166 -0.0140
100333 142.4 39  0.9365  0.0169
100333 142.4 40  0.9544  0.0751
100333 142.4 41  0.9717  0.1974
100334 145.0  1  0.0000  0.1467
100334 145.0  2  0.0006 -0.3888
100334 145.0  3  0.0022 -0.5826
100334 145.0  4  0.0046 -0.6867
100334 145.0  5  0.0074 -0.7543
100334 145.0  6  0.0105 -0.7451
100334 145.0  7  0.0137 -0.7136
100334 145.0  8  0.0172 -0.7221
100334 145.0  9  0.0208 -0.7011
100334 145.0 10  0.0282 -0.6230
100334 145.0 11  0.0358 -0.6012
100334 145.0 12  0.0435 -0.5562
100334 145.0 13  0.0555 -0.5263
100334 145.0 14  0.0674 -0.5007
100334 145.0 15  0.0876 -0.4415
100334 145.0 16  0.1079 -0.3961
100334 145.0 17  0.1284 -0.3715
100334 145.0 18  0.1489 -0.3392
100334 145.0 19  0.1901 -0.3005
100334 145.0 20  0.2315 -0.2796
100334 145.0 21  0.2728 -0.2710
100334 145.0 22  0.3145 -0.2589
100334 145.0 23  0.3561 -0.2714
100334 145.0 24  0.3978 -0.2386
100334 145.0 25  0.4394 -0.2482
100334 145.0 26  0.4811 -0.2775
100334 145.0 27  0.5228 -0.2501
100334 145.0 28  0.5644 -0.2404
100334 145.0 29  0.6061 -0.2347
100334 145.0 30  0.6478 -0.2262
100334 145.0 31  0.6894 -0.2225
100334 145.0 32  0.7309 -0.2010
100334 145.0 33  0.7725 -0.1799
100334 145.0 34  0.8139 -0.1360
100334 145.0 35  0.8346 -0.1166
100334 145.0 36  0.8552 -0.0952
100334 145.0 37  0.8758 -0.0791
100334 145.0 38  0.9166 -0.0225
100334 145.0 39  0.9365  0.0154
100334 145.0 40  0.9544  0.0755
100334 145.0 41  0.9717  0.1947
100335 147.6  1  0.0000  0.1503
100335 147.6  2  0.0006 -0.3890
100335 147.6  3  0.0022 -0.5904
100335 147.6  4  0.0046 -0.6945
100335 147.6  5  0.0074 -0.7564
100335 147.6  6  0.0105 -0.7474
100335 147.6  7  0.0137 -0.7116
100335 147.6  8  0.0172 -0.7015
100335 147.6  9  0.0208 -0.6875
100335 147.6 10  0.0282 -0.6047
100335 147.6 11  0.0358 -0.5799
100335 147.6 12  0.0435 -0.5364
100335 147.6 13  0.0555 -0.5066
100335 147.6 14  0.0674 -0.4812
100335 147.6 15  0.0876 -0.4124
100335 147.6 16  0.1079 -0.3754
100335 147.6 17  0.1284 -0.3444
100335 147.6 18  0.1489 -0.3185
100335 147.6 19  0.1901 -0.2935
100335 147.6 20  0.2315 -0.2751
100335 147.6 21  0.2728 -0.2859
100335 147.6 22  0.3145 -0.3039
100335 147.6 23  0.3561 -0.3016
100335 147.6 24  0.3978 -0.2700
100335 147.6 25  0.4394 -0.2644
100335 147.6 26  0.4811 -0.2736
100335 147.6 27  0.5228 -0.2485
100335 147.6 28  0.5644 -0.2434
100335 147.6 29  0.6061 -0.2351
100335 147.6 30  0.6478 -0.2199
100335 147.6 31  0.6894 -0.2088
100335 147.6 32  0.7309 -0.1961
100335 147.6 33  0.7725 -0.1727
100335 147.6 34  0.8139 -0.1395
100335 147.6 35  0.8346 -0.1271
100335 147.6 36  0.8552 -0.1008
100335 147.6 37  0.8758 -0.0765
100335 147.6 38  0.9166 -0.0227
100335 147.6 39  0.9365  0.0114
100335 147.6 40  0.9544  0.0747
100335 147.6 41  0.9717  0.1946
100336 150.0  1  0.0000  0.1435
100336 150.0  2  0.0006 -0.3916
100336 150.0  3  0.0022 -0.5922
100336 150.0  4  0.0046 -0.6981
100336 150.0  5  0.0074 -0.7520
100336 150.0  6  0.0105 -0.7509
100336 150.0  7  0.0137 -0.7025
100336 150.0  8  0.0172 -0.6753
100336 150.0  9  0.0208 -0.6698
100336 150.0 10  0.0282 -0.5940
100336 150.0 11  0.0358 -0.5656
100336 150.0 12  0.0435 -0.5150
100336 150.0 13  0.0555 -0.4887
100336 150.0 14  0.0674 -0.4564
100336 150.0 15  0.0876 -0.3904
100336 150.0 16  0.1079 -0.3515
100336 150.0 17  0.1284 -0.3198
100336 150.0 18  0.1489 -0.3083
100336 150.0 19  0.1901 -0.2894
100336 150.0 20  0.2315 -0.2829
100336 150.0 21  0.2728 -0.2929
100336 150.0 22  0.3145 -0.3009
100336 150.0 23  0.3561 -0.2947
100336 150.0 24  0.3978 -0.2568
100336 150.0 25  0.4394 -0.2546
100336 150.0 26  0.4811 -0.2644
100336 150.0 27  0.5228 -0.2479
100336 150.0 28  0.5644 -0.2401
100336 150.0 29  0.6061 -0.2289
100336 150.0 30  0.6478 -0.2213
100336 150.0 31  0.6894 -0.2114
100336 150.0 32  0.7309 -0.1926
100336 150.0 33  0.7725 -0.1737
100336 150.0 34  0.8139 -0.1463
100336 150.0 35  0.8346 -0.1205
100336 150.0 36  0.8552 -0.0955
100336 150.0 37  0.8758 -0.0823
100336 150.0 38  0.9166 -0.0297
100336 150.0 39  0.9365  0.0104
100336 150.0 40  0.9544  0.0828
100336 150.0 41  0.9717  0.1992
100337 152.5  1  0.0000  0.1478
100337 152.5  2  0.0006 -0.3979
100337 152.5  3  0.0022 -0.6092
100337 152.5  4  0.0046 -0.7189
100337 152.5  5  0.0074 -0.7189
100337 152.5  6  0.0105 -0.7500
100337 152.6  7  0.0137 -0.7011
100337 152.5  8  0.0172 -0.6716
100337 152.5  9  0.0208 -0.6610
100337 152.5 10  0.0282 -0.5828
100337 152.5 11  0.0358 -0.5470
100337 152.5 12  0.0435 -0.5046
100337 152.5 13  0.0555 -0.4678
100337 152.5 14  0.0674 -0.4414
100337 152.5 15  0.0876 -0.3631
100337 152.5 16  0.1079 -0.3290
100337 152.5 17  0.1284 -0.3090
100337 152.5 18  0.1489 -0.2873
100337 152.5 19  0.1901 -0.2843
100337 152.5 20  0.2315 -0.3113
100337 152.5 21  0.2728 -0.3565
100337 152.5 22  0.3145 -0.4300
100337 152.5 23  0.3561 -0.4118
100337 152.5 24  0.3978 -0.3040
100337 152.5 25  0.4394 -0.2715
100337 152.5 26  0.4811 -0.2689
100337 152.6 27  0.5228 -0.2606
100337 152.5 28  0.5644 -0.2455
100337 152.5 29  0.6061 -0.2314
100337 152.5 30  0.6478 -0.2272
100337 152.5 31  0.6894 -0.1984
100337 152.5 32  0.7309 -0.1919
100337 152.5 33  0.7725 -0.1821
100337 152.5 34  0.8139 -0.1358
100337 152.5 35  0.8346 -0.1116
100337 152.5 36  0.8552 -0.1048
100337 152.5 37  0.8758 -0.0681
100337 152.5 38  0.9166 -0.0193
100337 152.5 39  0.9365  0.0121
100337 152.5 40  0.9544  0.0777
100337 152.5 41  0.9717  0.1940
100338 154.9  1  0.0000  0.1484
100338 154.9  2  0.0006 -0.4122
100338 154.9  3  0.0022 -0.6150
100338 154.9  4  0.0046 -0.7341
100338 154.9  5  0.0074 -0.6860
100338 154.9  6  0.0105 -0.7563
100338 154.9  7  0.0137 -0.6918
100338 154.9  8  0.0172 -0.6668
100338 154.9  9  0.0208 -0.6513
100338 154.9 10  0.0282 -0.5640
100338 154.9 11  0.0358 -0.5365
100338 154.9 12  0.0435 -0.4874
100338 154.9 13  0.0555 -0.4522
100338 154.9 14  0.0674 -0.4202
100338 154.9 15  0.0876 -0.3474
100338 154.9 16  0.1079 -0.3086
100338 154.9 17  0.1284 -0.2897
100338 154.9 18  0.1489 -0.2801
100338 154.9 19  0.1901 -0.2829
100338 154.9 20  0.2315 -0.3483
100338 154.9 21  0.2728 -0.4407
100338 154.9 22  0.3145 -0.5460
100338 154.9 23  0.3561 -0.5595
100338 154.9 24  0.3978 -0.4846
100338 154.9 25  0.4394 -0.3904
100338 154.9 26  0.4811 -0.3648
100338 154.9 27  0.5228 -0.3217
100338 154.9 28  0.5644 -0.2946
100338 154.9 29  0.6061 -0.2564
100338 154.9 30  0.6478 -0.2562
100338 154.9 31  0.6894 -0.2272
100338 154.9 32  0.7309 -0.2101
100338 154.9 33  0.7725 -0.2038
100338 154.9 34  0.8139 -0.1466
100338 154.9 35  0.8346 -0.1257
100338 154.9 36  0.8552 -0.1045
100338 154.9 37  0.8758 -0.0800
100338 154.9 38  0.9166 -0.0216
100338 154.9 39  0.9365  0.0107
100338 154.9 40  0.9544  0.0747
100338 154.9 41  0.9717  0.1928
100339 157.5  1  0.0000  0.1483
100339 157.5  2  0.0006 -0.4184
100339 157.5  3  0.0022 -0.6146
100339 157.5  4  0.0046 -0.7423
100339 157.5  5  0.0074 -0.6882
100339 157.5  6  0.0105 -0.7316
100339 157.5  7  0.0137 -0.6743
100339 157.5  8  0.0172 -0.6590
100339 157.5  9  0.0208 -0.6412
100339 157.5 10  0.0282 -0.5571
100339 157.5 11  0.0358 -0.5240
100339 157.5 12  0.0435 -0.4672
100339 157.5 13  0.0555 -0.4345
100339 157.5 14  0.0674 -0.4043
100339 157.5 15  0.0876 -0.3320
100339 157.5 16  0.1079 -0.2860
100339 157.5 17  0.1284 -0.2682
100339 157.5 18  0.1489 -0.2619
100339 157.5 19  0.1901 -0.2775
100339 157.5 20  0.2315 -0.3354
100339 157.5 21  0.2728 -0.4502
100339 157.5 22  0.3145 -0.5075
100339 157.5 23  0.3561 -0.5033
100339 157.5 24  0.3978 -0.5011
100339 157.5 25  0.4394 -0.4706
100339 157.5 26  0.4811 -0.4652
100339 157.5 27  0.5228 -0.3911
100339 157.5 28  0.5644 -0.3726
100339 157.5 29  0.6061 -0.3162
100339 157.5 30  0.6478 -0.3013
100339 157.5 31  0.6894 -0.2590
100339 157.5 32  0.7309 -0.2536
100339 157.5 33  0.7725 -0.2532
100339 157.5 34  0.8139 -0.1791
100339 157.5 35  0.8346 -0.1624
100339 157.5 36  0.8552 -0.1252
100339 157.5 37  0.8758 -0.1048
100339 157.5 38  0.9166 -0.0314
100339 157.5 39  0.9365  0.0123
100339 157.5 40  0.9544  0.0814
100339 157.5 41  0.9717  0.1942
100340 159.8  1  0.0000  0.1392
100340 159.8  2  0.0006 -0.4266
100340 159.8  3  0.0022 -0.6245
100340 159.8  4  0.0046 -0.7240
100340 159.8  5  0.0074 -0.6934
100340 159.8  6  0.0105 -0.7322
100340 159.8  7  0.0137 -0.6753
100340 159.8  8  0.0172 -0.6543
100340 159.8  9  0.0208 -0.6288
100340 159.8 10  0.0282 -0.5466
100340 159.8 11  0.0358 -0.5125
100340 159.8 12  0.0435 -0.4572
100340 159.8 13  0.0555 -0.4180
100340 159.8 14  0.0674 -0.3861
100340 159.8 15  0.0876 -0.3159
100340 159.8 16  0.1079 -0.2728
100340 159.8 17  0.1284 -0.2475
100340 159.8 18  0.1489 -0.2479
100340 159.8 19  0.1901 -0.2605
100340 159.8 20  0.2315 -0.2975
100340 159.8 21  0.2728 -0.3800
100340 159.8 22  0.3145 -0.3384
100340 159.8 23  0.3561 -0.3230
100340 159.8 24  0.3978 -0.3898
100340 159.8 25  0.4394 -0.4197
100340 159.8 26  0.4811 -0.4758
100340 159.8 27  0.5228 -0.4203
100340 159.8 28  0.5644 -0.3921
100340 159.8 29  0.6061 -0.3684
100340 159.8 30  0.6478 -0.3406
100340 159.8 31  0.6894 -0.3002
100340 159.8 32  0.7309 -0.2894
100340 159.8 33  0.7725 -0.2800
100340 159.8 34  0.8139 -0.2090
100340 159.8 35  0.8346 -0.1786
100340 159.8 36  0.8552 -0.1512
100340 159.8 37  0.8758 -0.1183
100340 159.8 38  0.9166 -0.0469
100340 159.8 39  0.9365  0.0120
100340 159.8 40  0.9544  0.0807
100340 159.8 41  0.9717  0.1955
100341 162.4  1  0.0000  0.1457
100341 162.4  2  0.0006 -0.4261
100341 162.4  3  0.0022 -0.6052
100341 162.4  4  0.0046 -0.7209
100341 162.4  5  0.0074 -0.6904
100341 162.4  6  0.0105 -0.7291
100341 162.4  7  0.0137 -0.6766
100341 162.4  8  0.0172 -0.6522
100341 162.4  9  0.0208 -0.6203
100341 162.4 10  0.0282 -0.5368
100341 162.4 11  0.0358 -0.4945
100341 162.4 12  0.0435 -0.4450
100341 162.4 13  0.0555 -0.4057
100341 162.4 14  0.0674 -0.3704
100341 162.4 15  0.0876 -0.3028
100341 162.4 16  0.1079 -0.2725
100341 162.4 17  0.1284 -0.2478
100341 162.4 18  0.1489 -0.2345
100341 162.4 19  0.1901 -0.2232
100341 162.4 20  0.2315 -0.2284
100341 162.4 21  0.2728 -0.2077
100341 162.4 22  0.3145 -0.1342
100341 162.4 23  0.3561 -0.1524
100341 162.4 24  0.3978 -0.2205
100341 162.4 25  0.4394 -0.3052
100341 162.4 26  0.4811 -0.4056
100341 162.4 27  0.5228 -0.3919
100341 162.4 28  0.5644 -0.3955
100341 162.4 29  0.6061 -0.3682
100341 162.4 30  0.6478 -0.3488
100341 162.4 31  0.6894 -0.3168
100341 162.4 32  0.7309 -0.3065
100341 162.4 33  0.7725 -0.2968
100341 162.4 34  0.8139 -0.2274
100341 162.4 35  0.8346 -0.1968
100341 162.4 36  0.8552 -0.1657
100341 162.4 37  0.8758 -0.1384
100341 162.4 38  0.9166 -0.0468
100341 162.4 39  0.9365 -0.0030
100341 162.4 40  0.9544  0.0851
100341 162.4 41  0.9717  0.2003
100342 165.0  1  0.0000  0.1466
100342 165.0  2  0.0006 -0.4321
100342 165.0  3  0.0022 -0.6069
100342 165.0  4  0.0046 -0.7261
100342 165.0  5  0.0074 -0.6948
100342 165.0  6  0.0105 -0.7257
100342 165.0  7  0.0137 -0.6728
100342 165.0  8  0.0172 -0.6414
100342 165.0  9  0.0208 -0.6118
100342 165.0 10  0.0282 -0.5259
100342 165.0 11  0.0358 -0.4872
100342 165.0 12  0.0435 -0.4343
100342 165.0 13  0.0555 -0.3875
100342 165.0 14  0.0674 -0.3538
100342 165.0 15  0.0876 -0.2845
100342 165.0 16  0.1079 -0.2458
100342 165.0 17  0.1284 -0.2313
100342 165.0 18  0.1489 -0.2136
100342 165.0 19  0.1901 -0.1741
100342 165.0 20  0.2315 -0.1362
100342 165.0 21  0.2728 -0.0876
100342 165.0 22  0.3145 -0.0372
100342 165.0 23  0.3561 -0.0538
100342 165.0 24  0.3978 -0.1104
100342 165.0 25  0.4394 -0.1905
100342 165.0 26  0.4811 -0.3066
100342 165.0 27  0.5228 -0.3041
100342 165.0 28  0.5644 -0.3377
100342 165.0 29  0.6061 -0.3307
100342 165.0 30  0.6478 -0.3190
100342 165.0 31  0.6894 -0.3014
100342 165.0 32  0.7309 -0.2977
100342 165.0 33  0.7725 -0.2997
100342 165.0 34  0.8139 -0.2242
100342 165.0 35  0.8346 -0.1964
100342 165.0 36  0.8552 -0.1763
100342 165.0 37  0.8758 -0.1376
100342 165.0 38  0.9166 -0.0694
100342 165.0 39  0.9365 -0.0183
100342 165.0 40  0.9544  0.0755
100342 165.0 41  0.9717  0.2053
100343 167.4  1  0.0000  0.1466
100343 167.4  2  0.0006 -0.4301
100343 167.4  3  0.0022 -0.6111
100343 167.4  4  0.0046 -0.7188
100343 167.4  5  0.0074 -0.6830
100343 167.4  6  0.0105 -0.7209
100343 167.4  7  0.0137 -0.6659
100343 167.4  8  0.0172 -0.6322
100343 167.4  9  0.0208 -0.6013
100343 167.4 10  0.0282 -0.5182
100343 167.4 11  0.0358 -0.4797
100343 167.4 12  0.0435 -0.4241
100343 167.4 13  0.0555 -0.3768
100343 167.4 14  0.0674 -0.3458
100343 167.4 15  0.0876 -0.2685
100343 167.4 16  0.1079 -0.2323
100343 167.4 17  0.1284 -0.2118
100343 167.4 18  0.1489 -0.2017
100343 167.4 19  0.1901 -0.1408
100343 167.4 20  0.2315 -0.0807
100343 167.4 21  0.2728 -0.0400
100343 167.4 22  0.3145 -0.0184
100343 167.4 23  0.3561 -0.0272
100343 167.4 24  0.3978 -0.0672
100343 167.4 25  0.4394 -0.1217
100343 167.4 26  0.4811 -0.2248
100343 167.4 27  0.5228 -0.2330
100343 167.4 28  0.5644 -0.2675
100343 167.4 29  0.6061 -0.2820
100343 167.4 30  0.6478 -0.2875
100343 167.4 31  0.6894 -0.2674
100343 167.4 32  0.7309 -0.2713
100343 167.4 33  0.7725 -0.2795
100343 167.4 34  0.8139 -0.2137
100343 167.4 35  0.8346 -0.1935
100343 167.4 36  0.8552 -0.1712
100343 167.4 37  0.8758 -0.1628
100343 167.4 38  0.9166 -0.0811
100343 167.4 39  0.9365 -0.0329
100343 167.4 40  0.9544  0.0649
100343 167.4 41  0.9717  0.2017
100344 170.0  1  0.0000  0.1487
100344 170.0  2  0.0006 -0.4333
100344 170.0  3  0.0022 -0.6046
100344 170.0  4  0.0046 -0.7301
100344 170.0  5  0.0074 -0.6969
100344 170.0  6  0.0105 -0.7221
100344 170.0  7  0.0137 -0.6667
100344 170.0  8  0.0172 -0.6317
100344 170.0  9  0.0208 -0.5962
100344 170.0 10  0.0282 -0.5186
100344 170.0 11  0.0358 -0.4651
100344 170.0 12  0.0435 -0.4196
100344 170.0 13  0.0555 -0.3775
100344 170.0 14  0.0674 -0.3331
100344 170.0 15  0.0876 -0.2624
100344 170.0 16  0.1079 -0.2180
100344 170.0 17  0.1284 -0.1877
100344 170.0 18  0.1489 -0.1683
100344 170.0 19  0.1901 -0.1202
100344 170.0 20  0.2315 -0.0652
100344 170.0 21  0.2728 -0.0333
100344 170.0 22  0.3145 -0.0176
100344 170.0 23  0.3561 -0.0157
100344 170.0 24  0.3978 -0.0443
100344 170.0 25  0.4394 -0.0839
100344 170.0 26  0.4811 -0.1696
100344 170.0 27  0.5228 -0.1753
100344 170.0 28  0.5644 -0.2077
100344 170.0 29  0.6061 -0.2211
100344 170.0 30  0.6478 -0.2329
100344 170.0 31  0.6894 -0.2239
100344 170.0 32  0.7309 -0.2287
100344 170.0 33  0.7725 -0.2631
100344 170.0 34  0.8139 -0.1869
100344 170.0 35  0.8346 -0.1836
100344 170.0 36  0.8552 -0.1683
100344 170.0 37  0.8758 -0.1528
100344 170.0 38  0.9166 -0.0900
100344 170.0 39  0.9365 -0.0432
100344 170.0 40  0.9544  0.0595
100344 170.0 41  0.9717  0.2080
100345 172.4  1  0.0000  0.1430
100345 172.4  2  0.0006 -0.4365
100345 172.4  3  0.0022 -0.6049
100345 172.4  4  0.0046 -0.7312
100345 172.4  5  0.0074 -0.6981
100345 172.4  6  0.0105 -0.7165
100345 172.4  7  0.0137 -0.6647
100345 172.4  8  0.0172 -0.6296
100345 172.4  9  0.0208 -0.5906
100345 172.4 10  0.0282 -0.5095
100345 172.4 11  0.0358 -0.4638
100345 172.4 12  0.0435 -0.4084
100345 172.4 13  0.0555 -0.3649
100345 172.4 14  0.0674 -0.3251
100345 172.4 15  0.0876 -0.2541
100345 172.4 16  0.1079 -0.2106
100345 172.4 17  0.1284 -0.1771
100345 172.4 18  0.1489 -0.1505
100345 172.4 19  0.1901 -0.0897
100345 172.4 20  0.2315 -0.0513
100345 172.4 21  0.2728 -0.0332
100345 172.4 22  0.3145 -0.0133
100345 172.4 23  0.3561 -0.0168
100345 172.4 24  0.3978 -0.0301
100345 172.4 25  0.4394 -0.0656
100345 172.4 26  0.4811 -0.1330
100345 172.4 27  0.5228 -0.1368
100345 172.4 28  0.5644 -0.1724
100345 172.4 29  0.6061 -0.1749
100345 172.4 30  0.6478 -0.1878
100345 172.4 31  0.6894 -0.1769
100345 172.4 32  0.7309 -0.2024
100345 172.4 33  0.7725 -0.2175
100345 172.4 34  0.8139 -0.1720
100345 172.4 35  0.8346 -0.1567
100345 172.4 36  0.8552 -0.1546
100345 172.4 37  0.8758 -0.1350
100345 172.4 38  0.9166 -0.0808
100345 172.4 39  0.9365 -0.0583
100345 172.4 40  0.9544  0.0569
100345 172.4 41  0.9717  0.2028
100346 175.0  1  0.0000  0.1418
100346 175.0  2  0.0006 -0.4365
100346 175.0  3  0.0022 -0.6101
100346 175.0  4  0.0046 -0.7242
100346 175.0  5  0.0074 -0.6933
100346 175.0  6  0.0105 -0.7118
100346 175.0  7  0.0137 -0.6620
100346 175.0  8  0.0172 -0.6256
100346 175.0  9  0.0208 -0.5898
100346 175.0 10  0.0282 -0.5049
100346 175.0 11  0.0358 -0.4608
100346 175.0 12  0.0435 -0.4004
100346 175.0 13  0.0555 -0.3577
100346 175.0 14  0.0674 -0.3222
100346 175.0 15  0.0876 -0.2459
100346 175.0 16  0.1079 -0.2052
100346 175.0 17  0.1284 -0.1696
100346 175.0 18  0.1489 -0.1405
100346 175.0 19  0.1901 -0.0763
100346 175.0 20  0.2315 -0.0463
100346 175.0 21  0.2728 -0.0232
100346 175.0 22  0.3145 -0.0152
100346 175.0 23  0.3561 -0.0129
100346 175.0 24  0.3978 -0.0196
100346 175.0 25  0.4394 -0.0511
100346 175.0 26  0.4811 -0.1100
100346 175.0 27  0.5228 -0.1059
100346 175.0 28  0.5644 -0.1350
100346 175.0 29  0.6061 -0.1344
100346 175.0 30  0.6478 -0.1501
100346 175.0 31  0.6894 -0.1422
100346 175.0 32  0.7309 -0.1620
100346 175.0 33  0.7725 -0.1876
100346 175.0 34  0.8139 -0.1372
100346 175.0 35  0.8346 -0.1394
100346 175.0 36  0.8552 -0.1351
100346 175.0 37  0.8758 -0.1311
100346 175.0 38  0.9166 -0.0868
100346 175.0 39  0.9365 -0.0607
100346 175.0 40  0.9544  0.0482
100346 175.0 41  0.9717  0.2098
100347 177.3  1  0.0000  0.1353
100347 177.3  2  0.0006 -0.4372
100347 177.4  3  0.0022 -0.6150
100347 177.3  4  0.0046 -0.7326
100347 177.4  5  0.0074 -0.6985
100347 177.4  6  0.0105 -0.7203
100347 177.4  7  0.0137 -0.6562
100347 177.4  8  0.0172 -0.6169
100347 177.4  9  0.0208 -0.5856
100347 177.4 10  0.0282 -0.5067
100347 177.4 11  0.0358 -0.4579
100347 177.4 12  0.0435 -0.4081
100347 177.4 13  0.0555 -0.3608
100347 177.4 14  0.0674 -0.3138
100347 177.4 15  0.0876 -0.2426
100347 177.3 16  0.1079 -0.1971
100347 177.4 17  0.1284 -0.1539
100347 177.4 18  0.1489 -0.1264
100347 177.4 19  0.1901 -0.0709
100347 177.4 20  0.2315 -0.0409
100347 177.4 21  0.2728 -0.0244
100347 177.3 22  0.3145 -0.0074
100347 177.3 23  0.3561 -0.0029
100347 177.3 24  0.3978 -0.0194
100347 177.4 25  0.4394 -0.0420
100347 177.4 26  0.4811 -0.0970
100347 177.4 27  0.5228 -0.0897
100347 177.3 28  0.5644 -0.1107
100347 177.4 29  0.6061 -0.1155
100347 177.4 30  0.6478 -0.1264
100347 177.4 31  0.6894 -0.1218
100347 177.4 32  0.7309 -0.1383
100347 177.4 33  0.7725 -0.1655
100347 177.4 34  0.8139 -0.1247
100347 177.3 35  0.8346 -0.1253
100347 177.4 36  0.8552 -0.1169
100347 177.3 37  0.8758 -0.1290
100347 177.4 38  0.9166 -0.0825
100347 177.4 39  0.9365 -0.0633
100347 177.4 40  0.9544  0.0456
100347 177.4 41  0.9717  0.2144
100348 179.9  1  0.0000  0.1424
100348 179.9  2  0.0006 -0.4449
100348 179.9  3  0.0022 -0.6152
100348 179.9  4  0.0046 -0.7255
100348 179.9  5  0.0074 -0.6984
100348 179.9  6  0.0105 -0.7132
100348 179.9  7  0.0137 -0.6576
100348 179.9  8  0.0172 -0.6191
100348 179.9  9  0.0208 -0.5838
100348 179.9 10  0.0282 -0.5013
100348 179.9 11  0.0358 -0.4526
100348 179.9 12  0.0435 -0.4003
100348 179.9 13  0.0555 -0.3558
100348 179.9 14  0.0674 -0.3136
100348 179.9 15  0.0876 -0.2369
100348 179.9 16  0.1079 -0.1884
100348 179.9 17  0.1284 -0.1544
100348 179.9 18  0.1489 -0.1226
100348 179.9 19  0.1901 -0.0637
100348 179.9 20  0.2315 -0.0443
100348 179.9 21  0.2728 -0.0230
100348 179.9 22  0.3145 -0.0068
100348 179.9 23  0.3561 -0.0093
100348 179.9 24  0.3978 -0.0140
100348 179.9 25  0.4394 -0.0370
100348 179.9 26  0.4811 -0.0913
100348 179.9 27  0.5228 -0.0847
100348 179.9 28  0.5644 -0.1036
100348 179.9 29  0.6061 -0.1014
100348 179.9 30  0.6478 -0.1165
100348 179.9 31  0.6894 -0.1125
100348 179.9 32  0.7309 -0.1300
100348 179.9 33  0.7725 -0.1624
100348 179.9 34  0.8139 -0.1059
100348 179.9 35  0.8346 -0.1075
100348 179.9 36  0.8552 -0.1135
100348 179.9 37  0.8758 -0.1139
100348 179.9 38  0.9166 -0.0747
100348 179.9 39  0.9365 -0.0622
100348 179.9 40  0.9544  0.0372
100348 179.9 41  0.9717  0.2220
100349 182.3  1  0.0000  0.1390
100349 182.3  2  0.0006 -0.4423
100349 182.3  3  0.0022 -0.6149
100349 182.3  4  0.0046 -0.7266
100349 182.3  5  0.0074 -0.6939
100349 182.3  6  0.0105 -0.7216
100349 182.3  7  0.0137 -0.6614
100349 182.3  8  0.0172 -0.6241
100349 182.3  9  0.0208 -0.5812
100349 182.3 10  0.0282 -0.5004
100349 182.3 11  0.0358 -0.4577
100349 182.3 12  0.0435 -0.4031
100349 182.3 13  0.0555 -0.3544
100349 182.3 14  0.0674 -0.3164
100349 182.3 15  0.0876 -0.2413
100349 182.3 16  0.1079 -0.1925
100349 182.3 17  0.1284 -0.1570
100349 182.3 18  0.1489 -0.1282
100349 182.3 19  0.1901 -0.0709
100349 182.3 20  0.2315 -0.0383
100349 182.3 21  0.2728 -0.0233
100349 182.3 22  0.3145 -0.0081
100349 182.3 23  0.3561 -0.0025
100349 182.3 24  0.3978 -0.0128
100349 182.3 25  0.4394 -0.0428
100349 182.3 26  0.4811 -0.0970
100349 182.3 27  0.5228 -0.0906
100349 182.3 28  0.5644 -0.1111
100349 182.3 29  0.6061 -0.1064
100349 182.3 30  0.6478 -0.1234
100349 182.3 31  0.6894 -0.1199
100349 182.3 32  0.7309 -0.1399
100349 182.3 33  0.7725 -0.1722
100349 182.3 34  0.8139 -0.1097
100349 182.3 35  0.8346 -0.1224
100349 182.3 36  0.8552 -0.1166
100349 182.3 37  0.8758 -0.1270
100349 182.3 38  0.9166 -0.0901
100349 182.3 39  0.9365 -0.0655
100349 182.3 40  0.9544  0.0382
100349 182.3 41  0.9717  0.2234
