# CP-NWG,  ALPHA= 29.7 DEG., RE= 6.5 MIO.
# 
# NOMENCLATURE:
# ALPHA     MODEL INCIDENCE
# RE        REYNOLDS NUMBER BASED ON MODEL LENGTH
# DPN       DATA POINT NUMBER
# PHI       CIRCUMFERENTIAL MODEL ANGLE
# I         NUMBER OF PRESSURE TAP
# X0/L      X-LOCATION OF PRESSURE TAP
# CP        PRESSURE COEFFICIENT
# 
# DPN    PHI  I   X0/L     CP
200402  -4.8  1  0.0000  0.1193
200402  -4.8  2  0.0006  0.5652
200402  -4.8  3  0.0022  0.8452
200402  -4.8  4  0.0046  0.9648
200402  -4.8  5  0.0074  0.9931
200402  -4.8  6  0.0105  0.9574
200402  -4.8  7  0.0137  0.9545
200402  -4.8  8  0.0172  0.9245
200402  -4.8  9  0.0208  0.8909
200402  -4.8 10  0.0282  0.8340
200402  -4.8 11  0.0358  0.7818
200402  -4.8 12  0.0435  0.7357
200402  -4.8 13  0.0555  0.6793
200402  -4.8 14  0.0674  0.6299
200402  -4.8 15  0.0876  0.5784
200402  -4.8 16  0.1079  0.5321
200402  -4.8 17  0.1284  0.4970
200402  -4.8 18  0.1489  0.4622
200402  -4.8 19  0.1901  0.4134
200402  -4.8 20  0.2315  0.3712
200402  -4.8 21  0.2728  0.3350
200402  -4.8 22  0.3145  0.3059
200402  -4.8 23  0.3561  0.2773
200402  -4.8 24  0.3978  0.2523
200402  -4.8 25  0.4396  0.2292
200402  -4.8 26  0.4812  0.2067
200402  -4.8 27  0.5229  0.1852
200402  -4.8 28  0.5646  0.1604
200402  -4.8 29  0.6062  0.1396
200402  -4.8 30  0.6479  0.1162
200402  -4.8 31  0.6892  0.0919
200402  -4.8 32  0.7308  0.0673
200402  -4.8 33  0.7725  0.0405
200402  -4.8 34  0.8137  0.0125
200402  -4.8 35  0.8346 -0.0032
200402  -4.8 36  0.8554 -0.0153
200402  -4.8 37  0.8758 -0.0329
200402  -4.8 38  0.8962 -0.0499
200402  -4.8 39  0.9167 -0.0683
200402  -4.8 40  0.9367 -0.0713
200402  -4.8 41  0.9542 -0.0336
200402  -4.8 42  0.9717  0.1750
200403  -1.6  1  0.0000  0.1215
200403  -1.6  2  0.0006  0.5621
200403  -1.6  3  0.0022  0.8522
200403  -1.6  4  0.0046  0.9698
200403  -1.6  5  0.0074  0.9985
200403  -1.6  6  0.0105  0.9622
200403  -1.6  7  0.0137  0.9599
200403  -1.6  8  0.0172  0.9301
200403  -1.6  9  0.0208  0.8979
200403  -1.6 10  0.0282  0.8384
200403  -1.6 11  0.0358  0.7888
200403  -1.6 12  0.0435  0.7423
200403  -1.6 13  0.0555  0.6865
200403  -1.6 14  0.0674  0.6355
200403  -1.6 15  0.0876  0.5889
200403  -1.6 16  0.1079  0.5395
200403  -1.6 17  0.1284  0.5028
200403  -1.6 18  0.1489  0.4691
200403  -1.6 19  0.1901  0.4169
200403  -1.6 20  0.2315  0.3766
200403  -1.6 21  0.2728  0.3421
200403  -1.6 22  0.3145  0.3108
200403  -1.6 23  0.3561  0.2811
200403  -1.6 24  0.3978  0.2581
200403  -1.6 25  0.4396  0.2343
200403  -1.6 26  0.4812  0.2114
200403  -1.6 27  0.5229  0.1868
200403  -1.6 28  0.5646  0.1640
200403  -1.6 29  0.6062  0.1432
200403  -1.6 30  0.6479  0.1209
200403  -1.6 31  0.6892  0.0958
200403  -1.6 32  0.7308  0.0701
200403  -1.6 33  0.7725  0.0441
200403  -1.6 34  0.8137  0.0166
200403  -1.6 35  0.8346  0.0012
200403  -1.6 36  0.8554 -0.0127
200403  -1.6 37  0.8758 -0.0286
200403  -1.6 38  0.8962 -0.0476
200403  -1.6 39  0.9167 -0.0661
200403  -1.6 40  0.9367 -0.0695
200403  -1.6 41  0.9542 -0.0326
200403  -1.6 42  0.9717  0.1774
200404  -0.8  1  0.0000  0.1081
200404  -0.8  2  0.0006  0.5653
200404  -0.8  3  0.0022  0.8486
200404  -0.8  4  0.0046  0.9693
200404  -0.8  5  0.0074  0.9977
200404  -0.8  6  0.0105  0.9607
200404  -0.8  7  0.0137  0.9597
200404  -0.8  8  0.0172  0.9298
200404  -0.8  9  0.0208  0.9000
200404  -0.8 10  0.0282  0.8396
200404  -0.8 11  0.0358  0.7888
200404  -0.8 12  0.0435  0.7467
200404  -0.8 13  0.0555  0.6852
200404  -0.8 14  0.0674  0.6368
200404  -0.8 15  0.0876  0.5852
200404  -0.8 16  0.1079  0.5422
200404  -0.8 17  0.1284  0.5008
200404  -0.8 18  0.1489  0.4681
200404  -0.8 19  0.1901  0.4196
200404  -0.8 20  0.2315  0.3763
200404  -0.8 21  0.2728  0.3423
200404  -0.8 22  0.3145  0.3101
200404  -0.8 23  0.3561  0.2814
200404  -0.8 24  0.3978  0.2577
200404  -0.8 25  0.4396  0.2340
200404  -0.8 26  0.4812  0.2113
200404  -0.8 27  0.5229  0.1882
200404  -0.8 28  0.5646  0.1646
200404  -0.8 29  0.6062  0.1424
200404  -0.8 30  0.6479  0.1208
200404  -0.8 31  0.6892  0.0940
200404  -0.8 32  0.7308  0.0712
200404  -0.8 33  0.7725  0.0454
200404  -0.8 34  0.8137  0.0176
200404  -0.8 35  0.8346  0.0002
200404  -0.8 36  0.8554 -0.0125
200404  -0.8 37  0.8758 -0.0298
200404  -0.8 38  0.8962 -0.0489
200404  -0.8 39  0.9167 -0.0666
200404  -0.8 40  0.9367 -0.0706
200404  -0.8 41  0.9542 -0.0319
200404  -0.8 42  0.9717  0.1768
200405   0.0  1  0.0000  0.1106
200405   0.0  2  0.0006  0.5629
200405   0.0  3  0.0022  0.8546
200405   0.0  4  0.0046  0.9696
200405   0.0  5  0.0074  0.9979
200405   0.0  6  0.0105  0.9615
200405   0.0  7  0.0137  0.9631
200405   0.0  8  0.0172  0.9307
200405   0.0  9  0.0208  0.9021
200405   0.0 10  0.0282  0.8378
200405   0.0 11  0.0358  0.7892
200405   0.0 12  0.0435  0.7450
200405   0.0 13  0.0555  0.6860
200405   0.0 14  0.0674  0.6327
200405   0.0 15  0.0876  0.5865
200405   0.0 16  0.1079  0.5391
200405   0.0 17  0.1284  0.5008
200405   0.0 18  0.1489  0.4673
200405   0.0 19  0.1901  0.4190
200405   0.0 20  0.2315  0.3767
200405   0.0 21  0.2728  0.3412
200405   0.0 22  0.3145  0.3095
200405   0.0 23  0.3561  0.2837
200405   0.0 24  0.3978  0.2593
200405   0.0 25  0.4396  0.2347
200405   0.0 26  0.4812  0.2105
200405   0.0 27  0.5229  0.1868
200405   0.0 28  0.5646  0.1658
200405   0.0 29  0.6062  0.1444
200405   0.0 30  0.6479  0.1202
200405   0.0 31  0.6892  0.0966
200405   0.0 32  0.7308  0.0705
200405   0.0 33  0.7725  0.0445
200405   0.0 34  0.8137  0.0165
200405   0.0 35  0.8346  0.0009
200405   0.0 36  0.8554 -0.0135
200405   0.0 37  0.8758 -0.0299
200405   0.0 38  0.8962 -0.0495
200405   0.0 39  0.9167 -0.0692
200405   0.0 40  0.9367 -0.0699
200405   0.0 41  0.9542 -0.0330
200405   0.0 42  0.9717  0.1762
200406   0.8  1  0.0000  0.1143
200406   0.8  2  0.0006  0.5690
200406   0.8  3  0.0022  0.8478
200406   0.8  4  0.0046  0.9687
200406   0.8  5  0.0074  0.9971
200406   0.8  6  0.0105  0.9612
200406   0.8  7  0.0137  0.9595
200406   0.8  8  0.0172  0.9301
200406   0.8  9  0.0208  0.9002
200406   0.8 10  0.0282  0.8384
200406   0.8 11  0.0358  0.7895
200406   0.8 12  0.0435  0.7426
200406   0.8 13  0.0555  0.6838
200406   0.8 14  0.0674  0.6333
200406   0.8 15  0.0876  0.5845
200406   0.8 16  0.1079  0.5367
200406   0.8 17  0.1284  0.5014
200406   0.8 18  0.1489  0.4682
200406   0.8 19  0.1901  0.4180
200406   0.8 20  0.2315  0.3759
200406   0.8 21  0.2728  0.3412
200406   0.8 22  0.3145  0.3074
200406   0.8 23  0.3561  0.2824
200406   0.8 24  0.3978  0.2569
200406   0.8 25  0.4396  0.2354
200406   0.8 26  0.4812  0.2106
200406   0.8 27  0.5229  0.1852
200406   0.8 28  0.5646  0.1640
200406   0.8 29  0.6062  0.1438
200406   0.8 30  0.6479  0.1198
200406   0.8 31  0.6892  0.0940
200406   0.8 32  0.7308  0.0699
200406   0.8 33  0.7725  0.0447
200406   0.8 34  0.8137  0.0169
200406   0.8 35  0.8346 -0.0019
200406   0.8 36  0.8554 -0.0150
200406   0.8 37  0.8758 -0.0296
200406   0.8 38  0.8962 -0.0500
200406   0.8 39  0.9167 -0.0678
200406   0.8 40  0.9367 -0.0701
200406   0.8 41  0.9542 -0.0341
200406   0.8 42  0.9717  0.1762
200407   1.6  1  0.0000  0.1134
200407   1.6  2  0.0006  0.5681
200407   1.6  3  0.0022  0.8487
200407   1.6  4  0.0046  0.9680
200407   1.6  5  0.0074  0.9971
200407   1.6  6  0.0105  0.9592
200407   1.6  7  0.0137  0.9609
200407   1.6  8  0.0172  0.9296
200407   1.6  9  0.0208  0.8969
200407   1.6 10  0.0282  0.8398
200407   1.6 11  0.0358  0.7873
200407   1.6 12  0.0435  0.7421
200407   1.6 13  0.0555  0.6832
200407   1.6 14  0.0674  0.6354
200407   1.6 15  0.0876  0.5827
200407   1.6 16  0.1079  0.5384
200407   1.6 17  0.1284  0.5016
200407   1.6 18  0.1489  0.4651
200407   1.6 19  0.1901  0.4162
200407   1.6 20  0.2315  0.3749
200407   1.6 21  0.2728  0.3402
200407   1.6 22  0.3145  0.3096
200407   1.6 23  0.3561  0.2821
200407   1.6 24  0.3978  0.2561
200407   1.6 25  0.4396  0.2344
200407   1.6 26  0.4812  0.2093
200407   1.6 27  0.5229  0.1853
200407   1.6 28  0.5646  0.1624
200407   1.6 29  0.6062  0.1429
200407   1.6 30  0.6479  0.1189
200407   1.6 31  0.6892  0.0935
200407   1.6 32  0.7308  0.0693
200407   1.6 33  0.7725  0.0436
200407   1.6 34  0.8137  0.0141
200407   1.6 35  0.8346 -0.0019
200407   1.6 36  0.8554 -0.0146
200407   1.6 37  0.8758 -0.0323
200407   1.6 38  0.8962 -0.0497
200407   1.6 39  0.9167 -0.0684
200407   1.6 40  0.9367 -0.0723
200407   1.6 41  0.9542 -0.0349
200407   1.6 42  0.9717  0.1747
200408   4.8  1  0.0000  0.1074
200408   4.8  2  0.0006  0.5669
200408   4.8  3  0.0022  0.8486
200408   4.8  4  0.0046  0.9652
200408   4.8  5  0.0074  0.9925
200408   4.8  6  0.0105  0.9565
200408   4.8  7  0.0137  0.9555
200408   4.8  8  0.0172  0.9249
200408   4.8  9  0.0208  0.8907
200408   4.8 10  0.0282  0.8331
200408   4.8 11  0.0358  0.7819
200408   4.8 12  0.0435  0.7345
200408   4.8 13  0.0555  0.6779
200408   4.8 14  0.0674  0.6236
200408   4.8 15  0.0876  0.5768
200408   4.8 16  0.1079  0.5301
200408   4.8 17  0.1284  0.4947
200408   4.8 18  0.1489  0.4608
200408   4.8 19  0.1901  0.4104
200408   4.8 20  0.2315  0.3687
200408   4.8 21  0.2728  0.3332
200408   4.8 22  0.3145  0.3030
200408   4.8 23  0.3561  0.2744
200408   4.8 24  0.3978  0.2488
200408   4.8 25  0.4396  0.2263
200408   4.8 26  0.4812  0.2030
200408   4.8 27  0.5229  0.1805
200408   4.8 28  0.5646  0.1568
200408   4.8 29  0.6062  0.1357
200408   4.8 30  0.6479  0.1137
200408   4.8 31  0.6892  0.0882
200408   4.8 32  0.7308  0.0641
200408   4.8 33  0.7725  0.0375
200408   4.8 34  0.8137  0.0082
200408   4.8 35  0.8346 -0.0068
200408   4.8 36  0.8554 -0.0207
200408   4.8 37  0.8758 -0.0389
200408   4.8 38  0.8962 -0.0564
200408   4.8 39  0.9167 -0.0726
200408   4.8 40  0.9367 -0.0767
200408   4.8 41  0.9542 -0.0376
200408   4.8 42  0.9717  0.1703
200409   9.6  1  0.0000  0.1147
200409   9.6  2  0.0006  0.5587
200409   9.6  3  0.0022  0.8382
200409   9.6  4  0.0046  0.9473
200409   9.6  5  0.0074  0.9735
200409   9.6  6  0.0105  0.9361
200409   9.6  7  0.0137  0.9324
200409   9.6  8  0.0172  0.9008
200409   9.6  9  0.0208  0.8681
200409   9.6 10  0.0282  0.8087
200409   9.6 11  0.0358  0.7540
200409   9.6 12  0.0435  0.7165
200409   9.6 13  0.0555  0.6521
200409   9.6 14  0.0674  0.6034
200409   9.6 15  0.0876  0.5498
200409   9.6 16  0.1079  0.5075
200409   9.6 17  0.1284  0.4685
200409   9.6 18  0.1489  0.4368
200409   9.6 19  0.1901  0.3876
200409   9.6 20  0.2315  0.3478
200409   9.6 21  0.2728  0.3110
200409   9.6 22  0.3145  0.2797
200409   9.6 23  0.3561  0.2529
200409   9.6 24  0.3978  0.2311
200409   9.6 25  0.4396  0.2064
200409   9.6 26  0.4812  0.1832
200409   9.6 27  0.5229  0.1596
200409   9.6 28  0.5646  0.1376
200409   9.6 29  0.6062  0.1178
200409   9.6 30  0.6479  0.0950
200409   9.6 31  0.6892  0.0693
200409   9.6 32  0.7308  0.0469
200409   9.6 33  0.7725  0.0197
200409   9.6 34  0.8137 -0.0053
200409   9.6 35  0.8346 -0.0232
200409   9.6 36  0.8554 -0.0356
200409   9.6 37  0.8758 -0.0539
200409   9.6 38  0.8962 -0.0709
200409   9.6 39  0.9167 -0.0887
200409   9.6 40  0.9367 -0.0863
200409   9.6 41  0.9542 -0.0496
200409   9.6 42  0.9717  0.1589
200410  15.2  1  0.0000  0.1061
200410  15.2  2  0.0006  0.5431
200410  15.2  3  0.0022  0.8181
200410  15.2  4  0.0046  0.9188
200410  15.2  5  0.0074  0.9392
200410  15.2  6  0.0105  0.8985
200410  15.2  7  0.0137  0.8923
200410  15.2  8  0.0172  0.8623
200410  15.2  9  0.0208  0.8295
200410  15.2 10  0.0282  0.7678
200410  15.2 11  0.0358  0.7134
200410  15.2 12  0.0435  0.6707
200410  15.2 13  0.0555  0.6090
200410  15.2 14  0.0674  0.5588
200410  15.2 15  0.0876  0.5120
200410  15.2 16  0.1079  0.4694
200410  15.2 17  0.1284  0.4280
200410  15.2 18  0.1489  0.3961
200410  15.2 19  0.1901  0.3452
200410  15.2 20  0.2315  0.3107
200410  15.2 21  0.2728  0.2719
200410  15.2 22  0.3145  0.2415
200410  15.2 23  0.3561  0.2136
200410  15.2 24  0.3978  0.1928
200410  15.2 25  0.4396  0.1686
200410  15.2 26  0.4812  0.1480
200410  15.2 27  0.5229  0.1263
200410  15.2 28  0.5646  0.1024
200410  15.2 29  0.6062  0.0822
200410  15.2 30  0.6479  0.0616
200410  15.2 31  0.6892  0.0390
200410  15.2 32  0.7308  0.0145
200410  15.2 33  0.7725 -0.0065
200410  15.2 34  0.8137 -0.0359
200410  15.2 35  0.8346 -0.0533
200410  15.2 36  0.8554 -0.0617
200410  15.2 37  0.8758 -0.0788
200410  15.2 38  0.8962 -0.0944
200410  15.2 39  0.9167 -0.1068
200410  15.2 40  0.9367 -0.1055
200410  15.2 41  0.9542 -0.0692
200410  15.2 42  0.9717  0.1390
200411  20.0  1  0.0000  0.0972
200411  20.0  2  0.0006  0.5265
200411  20.0  3  0.0022  0.7900
200411  20.0  4  0.0046  0.8752
200411  20.0  5  0.0074  0.8956
200411  20.0  6  0.0105  0.8565
200411  20.0  7  0.0137  0.8412
200411  20.0  8  0.0172  0.8117
200411  20.0  9  0.0208  0.7760
200411  20.0 10  0.0282  0.7162
200411  20.0 11  0.0358  0.6613
200411  20.0 12  0.0435  0.6180
200411  20.0 13  0.0555  0.5567
200411  20.0 14  0.0674  0.5052
200411  20.0 15  0.0876  0.4594
200411  20.0 16  0.1079  0.4127
200411  20.0 17  0.1284  0.3755
200411  20.0 18  0.1489  0.3439
200411  20.0 19  0.1901  0.2961
200411  20.0 20  0.2315  0.2573
200411  20.0 21  0.2728  0.2255
200411  20.0 22  0.3145  0.1958
200411  20.0 23  0.3561  0.1676
200411  20.0 24  0.3978  0.1444
200411  20.0 25  0.4396  0.1251
200411  20.0 26  0.4812  0.1028
200411  20.0 27  0.5229  0.0818
200411  20.0 28  0.5646  0.0584
200411  20.0 29  0.6062  0.0384
200411  20.0 30  0.6479  0.0232
200411  20.0 31  0.6892  0.0009
200411  20.0 32  0.7308 -0.0252
200411  20.0 33  0.7725 -0.0422
200411  20.0 34  0.8137 -0.0703
200411  20.0 35  0.8346 -0.0880
200411  20.0 36  0.8554 -0.0904
200411  20.0 37  0.8758 -0.1080
200411  20.0 38  0.8962 -0.1212
200411  20.0 39  0.9167 -0.1315
200411  20.0 40  0.9367 -0.1329
200411  20.0 41  0.9542 -0.0898
200411  20.0 42  0.9717  0.1133
200412  24.8  1  0.0000  0.1066
200412  24.8  2  0.0006  0.5029
200412  24.8  3  0.0022  0.7568
200412  24.8  4  0.0046  0.8279
200412  24.8  5  0.0074  0.8434
200412  24.8  6  0.0105  0.8008
200412  24.8  7  0.0137  0.7801
200412  24.8  8  0.0172  0.7513
200412  24.8  9  0.0208  0.7147
200412  24.8 10  0.0282  0.6561
200412  24.8 11  0.0358  0.6005
200412  24.8 12  0.0435  0.5529
200412  24.8 13  0.0555  0.4921
200412  24.8 14  0.0674  0.4401
200412  24.8 15  0.0876  0.3958
200412  24.8 16  0.1079  0.3520
200412  24.8 17  0.1284  0.3150
200412  24.8 18  0.1489  0.2835
200412  24.8 19  0.1901  0.2365
200412  24.8 20  0.2315  0.2021
200412  24.8 21  0.2728  0.1716
200412  24.8 22  0.3145  0.1378
200412  24.8 23  0.3561  0.1135
200412  24.8 24  0.3978  0.0929
200412  24.8 25  0.4396  0.0708
200412  24.8 26  0.4812  0.0522
200412  24.8 27  0.5229  0.0296
200412  24.8 28  0.5646  0.0082
200412  24.8 29  0.6062 -0.0087
200412  24.8 30  0.6479 -0.0261
200412  24.8 31  0.6892 -0.0459
200412  24.8 32  0.7308 -0.0685
200412  24.8 33  0.7725 -0.0873
200412  24.8 34  0.8137 -0.1145
200412  24.8 35  0.8346 -0.1250
200412  24.8 36  0.8554 -0.1302
200412  24.8 37  0.8758 -0.1448
200412  24.8 38  0.8962 -0.1569
200412  24.8 39  0.9167 -0.1636
200412  24.8 40  0.9367 -0.1564
200412  24.8 41  0.9542 -0.1121
200412  24.8 42  0.9717  0.0825
200413  29.6  1  0.0000  0.1048
200413  29.6  2  0.0006  0.4899
200413  29.6  3  0.0022  0.7212
200413  29.6  4  0.0046  0.7756
200413  29.6  5  0.0074  0.7832
200413  29.6  6  0.0105  0.7329
200413  29.6  7  0.0137  0.7118
200413  29.6  8  0.0172  0.6781
200413  29.6  9  0.0208  0.6473
200413  29.6 10  0.0282  0.5791
200413  29.6 11  0.0358  0.5265
200413  29.6 12  0.0435  0.4802
200413  29.6 13  0.0555  0.4135
200413  29.6 14  0.0674  0.3681
200413  29.6 15  0.0876  0.3243
200413  29.6 16  0.1079  0.2850
200413  29.6 17  0.1284  0.2439
200413  29.6 18  0.1489  0.2155
200413  29.6 19  0.1901  0.1699
200413  29.6 20  0.2315  0.1333
200413  29.6 21  0.2728  0.1019
200413  29.6 22  0.3145  0.0723
200413  29.6 23  0.3561  0.0489
200413  29.6 24  0.3978  0.0307
200413  29.6 25  0.4396  0.0113
200413  29.6 26  0.4812 -0.0068
200413  29.6 27  0.5229 -0.0281
200413  29.6 28  0.5646 -0.0500
200413  29.6 29  0.6062 -0.0627
200413  29.6 30  0.6479 -0.0768
200413  29.6 31  0.6892 -0.0988
200413  29.6 32  0.7308 -0.1196
200413  29.6 33  0.7725 -0.1341
200413  29.6 34  0.8137 -0.1565
200413  29.6 35  0.8346 -0.1674
200413  29.6 36  0.8554 -0.1746
200413  29.6 37  0.8758 -0.1859
200413  29.6 38  0.8962 -0.1960
200413  29.6 39  0.9167 -0.1986
200413  29.6 40  0.9367 -0.1810
200413  29.6 41  0.9542 -0.1336
200413  29.6 42  0.9717  0.0562
200414  35.2  1  0.0000  0.1003
200414  35.2  2  0.0006  0.4633
200414  35.2  3  0.0022  0.6599
200414  35.2  4  0.0046  0.7038
200414  35.2  5  0.0074  0.7040
200414  35.2  6  0.0105  0.6521
200414  35.2  7  0.0137  0.6168
200414  35.2  8  0.0172  0.5914
200414  35.2  9  0.0208  0.5554
200414  35.2 10  0.0282  0.4854
200414  35.2 11  0.0358  0.4257
200414  35.2 12  0.0435  0.3827
200414  35.2 13  0.0555  0.3226
200414  35.2 14  0.0674  0.2719
200414  35.2 15  0.0876  0.2292
200414  35.2 16  0.1079  0.1896
200414  35.2 17  0.1284  0.1559
200414  35.2 18  0.1489  0.1233
200414  35.2 19  0.1901  0.0757
200414  35.2 20  0.2315  0.0493
200414  35.2 21  0.2728  0.0159
200414  35.2 22  0.3145 -0.0125
200414  35.2 23  0.3561 -0.0325
200414  35.2 24  0.3978 -0.0504
200414  35.2 25  0.4396 -0.0647
200414  35.2 26  0.4812 -0.0821
200414  35.2 27  0.5229 -0.1015
200414  35.2 28  0.5646 -0.1214
200414  35.2 29  0.6062 -0.1352
200414  35.2 30  0.6479 -0.1464
200414  35.2 31  0.6892 -0.1662
200414  35.2 32  0.7308 -0.1841
200414  35.2 33  0.7725 -0.1974
200414  35.2 34  0.8137 -0.2199
200414  35.2 35  0.8346 -0.2295
200414  35.2 36  0.8554 -0.2242
200414  35.2 37  0.8758 -0.2315
200414  35.2 38  0.8962 -0.2371
200414  35.2 39  0.9167 -0.2321
200414  35.2 40  0.9367 -0.2165
200414  35.2 41  0.9542 -0.1644
200414  35.2 42  0.9717  0.0229
200415  40.0  1  0.0000  0.1044
200415  40.0  2  0.0006  0.4293
200415  40.0  3  0.0022  0.6179
200415  40.0  4  0.0046  0.6346
200415  40.0  5  0.0074  0.6251
200415  40.0  6  0.0105  0.5722
200415  40.0  7  0.0137  0.5384
200415  40.0  8  0.0172  0.5051
200415  40.0  9  0.0208  0.4658
200415  40.0 10  0.0282  0.4012
200415  40.0 11  0.0358  0.3418
200415  40.0 12  0.0435  0.2950
200415  40.0 13  0.0555  0.2366
200415  40.0 14  0.0674  0.1863
200415  40.0 15  0.0876  0.1458
200415  40.0 16  0.1079  0.1088
200415  40.0 17  0.1284  0.0742
200415  40.0 18  0.1489  0.0439
200415  40.0 19  0.1901  0.0021
200415  40.0 20  0.2315 -0.0262
200415  40.0 21  0.2728 -0.0560
200415  40.0 22  0.3145 -0.0836
200415  40.0 23  0.3561 -0.1037
200415  40.0 24  0.3978 -0.1195
200415  40.0 25  0.4396 -0.1341
200415  40.0 26  0.4812 -0.1541
200415  40.0 27  0.5229 -0.1702
200415  40.0 28  0.5646 -0.1863
200415  40.0 29  0.6062 -0.1979
200415  40.0 30  0.6479 -0.2091
200415  40.0 31  0.6892 -0.2228
200415  40.0 32  0.7308 -0.2353
200415  40.0 33  0.7725 -0.2486
200415  40.0 34  0.8137 -0.2647
200415  40.0 35  0.8346 -0.2690
200415  40.0 36  0.8554 -0.2664
200415  40.0 37  0.8758 -0.2769
200415  40.0 38  0.8962 -0.2773
200415  40.0 39  0.9167 -0.2708
200415  40.0 40  0.9367 -0.2344
200415  40.0 41  0.9542 -0.1885
200415  40.0 42  0.9717  0.0070
200416  44.8  1  0.0000  0.1105
200416  44.8  2  0.0006  0.3935
200416  44.8  3  0.0022  0.5539
200416  44.8  4  0.0046  0.5603
200416  44.8  5  0.0074  0.5390
200416  44.8  6  0.0105  0.4783
200416  44.8  7  0.0137  0.4346
200416  44.8  8  0.0172  0.4070
200416  44.8  9  0.0208  0.3639
200416  44.8 10  0.0282  0.2988
200416  44.8 11  0.0358  0.2439
200416  44.8 12  0.0435  0.1943
200416  44.8 13  0.0555  0.1334
200416  44.8 14  0.0674  0.0877
200416  44.8 15  0.0876  0.0524
200416  44.8 16  0.1079  0.0135
200416  44.8 17  0.1284 -0.0198
200416  44.8 18  0.1489 -0.0529
200416  44.8 19  0.1901 -0.0895
200416  44.8 20  0.2315 -0.1174
200416  44.8 21  0.2728 -0.1467
200416  44.8 22  0.3145 -0.1676
200416  44.8 23  0.3561 -0.1872
200416  44.8 24  0.3978 -0.2001
200416  44.8 25  0.4396 -0.2159
200416  44.8 26  0.4812 -0.2327
200416  44.8 27  0.5229 -0.2444
200416  44.8 28  0.5646 -0.2618
200416  44.8 29  0.6062 -0.2650
200416  44.8 30  0.6479 -0.2775
200416  44.8 31  0.6892 -0.2875
200416  44.8 32  0.7308 -0.2980
200416  44.8 33  0.7725 -0.3080
200416  44.8 34  0.8137 -0.3151
200416  44.8 35  0.8346 -0.3193
200416  44.8 36  0.8554 -0.3141
200416  44.8 37  0.8758 -0.3175
200416  44.8 38  0.8962 -0.3156
200416  44.8 39  0.9167 -0.3019
200416  44.8 40  0.9367 -0.2643
200416  44.8 41  0.9542 -0.2031
200416  44.8 42  0.9717 -0.0193
200417  49.6  1  0.0000  0.1121
200417  49.6  2  0.0006  0.3604
200417  49.6  3  0.0022  0.4959
200417  49.6  4  0.0046  0.4706
200417  49.6  5  0.0074  0.4494
200417  49.6  6  0.0105  0.3934
200417  49.6  7  0.0137  0.3355
200417  49.6  8  0.0172  0.3059
200417  49.6  9  0.0208  0.2582
200417  49.6 10  0.0282  0.1982
200417  49.6 11  0.0358  0.1453
200417  49.6 12  0.0435  0.0954
200417  49.6 13  0.0555  0.0439
200417  49.6 14  0.0674 -0.0075
200417  49.6 15  0.0876 -0.0401
200417  49.6 16  0.1079 -0.0839
200417  49.6 17  0.1284 -0.1110
200417  49.6 18  0.1489 -0.1409
200417  49.6 19  0.1901 -0.1757
200417  49.6 20  0.2315 -0.2008
200417  49.6 21  0.2728 -0.2259
200417  49.6 22  0.3145 -0.2511
200417  49.6 23  0.3561 -0.2663
200417  49.6 24  0.3978 -0.2767
200417  49.6 25  0.4396 -0.2908
200417  49.6 26  0.4812 -0.3020
200417  49.6 27  0.5229 -0.3153
200417  49.6 28  0.5646 -0.3256
200417  49.6 29  0.6062 -0.3272
200417  49.6 30  0.6479 -0.3370
200417  49.6 31  0.6892 -0.3425
200417  49.6 32  0.7308 -0.3501
200417  49.6 33  0.7725 -0.3575
200417  49.6 34  0.8137 -0.3637
200417  49.6 35  0.8346 -0.3639
200417  49.6 36  0.8554 -0.3564
200417  49.6 37  0.8758 -0.3483
200417  49.6 38  0.8962 -0.3429
200417  49.6 39  0.9167 -0.3256
200417  49.6 40  0.9367 -0.2772
200417  49.6 41  0.9542 -0.2109
200417  49.6 42  0.9717 -0.0211
200418  55.2  1  0.0000  0.1077
200418  55.2  2  0.0006  0.3245
200418  55.2  3  0.0022  0.4250
200418  55.2  4  0.0046  0.3908
200418  55.2  5  0.0074  0.3542
200418  55.2  6  0.0105  0.2835
200418  55.2  7  0.0137  0.2326
200418  55.2  8  0.0172  0.2023
200418  55.2  9  0.0208  0.1574
200418  55.2 10  0.0282  0.0874
200418  55.2 11  0.0358  0.0380
200418  55.2 12  0.0435 -0.0093
200418  55.2 13  0.0555 -0.0634
200418  55.2 14  0.0674 -0.1123
200418  55.2 15  0.0876 -0.1455
200418  55.2 16  0.1079 -0.1762
200418  55.2 17  0.1284 -0.2121
200418  55.2 18  0.1489 -0.2377
200418  55.2 19  0.1901 -0.2713
200418  55.2 20  0.2315 -0.2956
200418  55.2 21  0.2728 -0.3200
200418  55.2 22  0.3145 -0.3366
200418  55.2 23  0.3561 -0.3530
200418  55.2 24  0.3978 -0.3566
200418  55.2 25  0.4396 -0.3662
200418  55.2 26  0.4812 -0.3722
200418  55.2 27  0.5229 -0.3843
200418  55.2 28  0.5646 -0.3917
200418  55.2 29  0.6062 -0.3937
200418  55.2 30  0.6479 -0.3937
200418  55.2 31  0.6892 -0.4041
200418  55.2 32  0.7308 -0.4076
200418  55.2 33  0.7725 -0.4071
200418  55.2 34  0.8137 -0.4163
200418  55.2 35  0.8346 -0.4087
200418  55.2 36  0.8554 -0.3937
200418  55.2 37  0.8758 -0.3920
200418  55.2 38  0.8962 -0.3703
200418  55.2 39  0.9167 -0.3404
200418  55.2 40  0.9367 -0.3038
200418  55.2 41  0.9542 -0.2204
200418  55.2 42  0.9717 -0.0326
200419  60.0  1  0.0000  0.1166
200419  60.0  2  0.0006  0.2929
200419  60.0  3  0.0022  0.3619
200419  60.0  4  0.0046  0.3027
200419  60.0  5  0.0074  0.2618
200419  60.0  6  0.0105  0.1955
200419  60.0  7  0.0137  0.1282
200419  60.0  8  0.0172  0.0897
200419  60.0  9  0.0208  0.0535
200419  60.0 10  0.0282 -0.0052
200419  60.0 11  0.0358 -0.0649
200419  60.0 12  0.0435 -0.1091
200419  60.0 13  0.0555 -0.1652
200419  60.0 14  0.0674 -0.2082
200419  60.0 15  0.0876 -0.2368
200419  60.0 16  0.1079 -0.2704
200419  60.0 17  0.1284 -0.2957
200419  60.0 18  0.1489 -0.3258
200419  60.0 19  0.1901 -0.3561
200419  60.0 20  0.2315 -0.3750
200419  60.0 21  0.2728 -0.3930
200419  60.0 22  0.3145 -0.4096
200419  60.0 23  0.3561 -0.4247
200419  60.0 24  0.3978 -0.4252
200419  60.0 25  0.4396 -0.4321
200419  60.0 26  0.4812 -0.4367
200419  60.0 27  0.5229 -0.4414
200419  60.0 28  0.5646 -0.4492
200419  60.0 29  0.6062 -0.4488
200419  60.0 30  0.6479 -0.4493
200419  60.0 31  0.6892 -0.4478
200419  60.0 32  0.7308 -0.4436
200419  60.0 33  0.7725 -0.4398
200419  60.0 34  0.8137 -0.4470
200419  60.0 35  0.8346 -0.4409
200419  60.0 36  0.8554 -0.4186
200419  60.0 37  0.8758 -0.4068
200419  60.0 38  0.8962 -0.3932
200419  60.0 39  0.9167 -0.3533
200419  60.0 40  0.9367 -0.2811
200419  60.0 41  0.9542 -0.2053
200419  60.0 42  0.9717 -0.0300
200420  64.8  1  0.0000  0.1245
200420  64.8  2  0.0006  0.2407
200420  64.8  3  0.0022  0.2833
200420  64.8  4  0.0046  0.2199
200420  64.8  5  0.0074  0.1626
200420  64.8  6  0.0105  0.0995
200420  64.8  7  0.0137  0.0242
200420  64.8  8  0.0172 -0.0060
200420  64.8  9  0.0208 -0.0528
200420  64.8 10  0.0282 -0.1100
200420  64.8 11  0.0358 -0.1615
200420  64.8 12  0.0435 -0.2044
200420  64.8 13  0.0555 -0.2571
200420  64.8 14  0.0674 -0.3007
200420  64.8 15  0.0876 -0.3252
200420  64.8 16  0.1079 -0.3564
200420  64.8 17  0.1284 -0.3762
200420  64.8 18  0.1489 -0.4046
200420  64.8 19  0.1901 -0.4325
200420  64.8 20  0.2315 -0.4479
200420  64.8 21  0.2728 -0.4678
200420  64.8 22  0.3145 -0.4855
200420  64.8 23  0.3561 -0.4902
200420  64.8 24  0.3978 -0.4852
200420  64.8 25  0.4396 -0.4944
200420  64.8 26  0.4812 -0.4938
200420  64.8 27  0.5229 -0.4993
200420  64.8 28  0.5646 -0.5062
200420  64.8 29  0.6062 -0.4995
200420  64.8 30  0.6479 -0.4968
200420  64.8 31  0.6892 -0.4939
200420  64.8 32  0.7308 -0.4853
200420  64.8 33  0.7725 -0.4682
200420  64.8 34  0.8137 -0.4592
200420  64.8 35  0.8346 -0.4586
200420  64.8 36  0.8554 -0.4334
200420  64.8 37  0.8758 -0.4185
200420  64.8 38  0.8962 -0.3947
200420  64.8 39  0.9167 -0.3382
200420  64.8 40  0.9367 -0.2729
200420  64.8 41  0.9542 -0.2013
200420  64.8 42  0.9717  0.0064
200421  70.4  1  0.0000  0.1280
200421  70.4  2  0.0006  0.1989
200421  70.4  3  0.0022  0.1936
200421  70.4  4  0.0046  0.0920
200421  70.4  5  0.0074  0.0446
200421  70.4  6  0.0105 -0.0177
200421  70.4  7  0.0137 -0.1026
200421  70.4  8  0.0172 -0.1391
200421  70.4  9  0.0208 -0.1754
200421  70.4 10  0.0282 -0.2324
200421  70.4 11  0.0358 -0.2824
200421  70.4 12  0.0435 -0.3212
200421  70.4 13  0.0555 -0.3675
200421  70.4 14  0.0674 -0.4131
200421  70.4 15  0.0876 -0.4277
200421  70.4 16  0.1079 -0.4526
200421  70.4 17  0.1284 -0.4739
200421  70.4 18  0.1489 -0.4978
200421  70.4 19  0.1901 -0.5192
200421  70.4 20  0.2315 -0.5356
200421  70.4 21  0.2728 -0.5497
200421  70.4 22  0.3145 -0.5619
200421  70.4 23  0.3561 -0.5661
200421  70.4 24  0.3978 -0.5638
200421  70.4 25  0.4396 -0.5604
200421  70.4 26  0.4812 -0.5612
200421  70.4 27  0.5229 -0.5611
200421  70.4 28  0.5646 -0.5629
200421  70.4 29  0.6062 -0.5474
200421  70.4 30  0.6479 -0.5432
200421  70.4 31  0.6892 -0.5335
200421  70.4 32  0.7308 -0.5188
200421  70.4 33  0.7725 -0.4981
200421  70.4 34  0.8137 -0.4772
200421  70.4 35  0.8346 -0.4594
200421  70.4 36  0.8554 -0.4284
200421  70.4 37  0.8758 -0.3957
200421  70.4 38  0.8962 -0.3691
200421  70.4 39  0.9167 -0.3146
200421  70.4 40  0.9367 -0.2353
200421  70.4 41  0.9542 -0.1261
200421  70.4 42  0.9717  0.0483
200422  75.2  1  0.0000  0.1347
200422  75.2  2  0.0006  0.1689
200422  75.2  3  0.0022  0.1415
200422  75.2  4  0.0046  0.0199
200422  75.2  5  0.0074 -0.0405
200422  75.2  6  0.0105 -0.1100
200422  75.2  7  0.0137 -0.1897
200422  75.2  8  0.0172 -0.2122
200422  75.2  9  0.0208 -0.2515
200422  75.2 10  0.0282 -0.3115
200422  75.2 11  0.0358 -0.3568
200422  75.2 12  0.0435 -0.4029
200422  75.2 13  0.0555 -0.4339
200422  75.2 14  0.0674 -0.4793
200422  75.2 15  0.0876 -0.4936
200422  75.2 16  0.1079 -0.5208
200422  75.2 17  0.1284 -0.5417
200422  75.2 18  0.1489 -0.5506
200422  75.2 19  0.1901 -0.5746
200422  75.2 20  0.2315 -0.5843
200422  75.2 21  0.2728 -0.5973
200422  75.2 22  0.3145 -0.6046
200422  75.2 23  0.3561 -0.6083
200422  75.2 24  0.3978 -0.5991
200422  75.2 25  0.4396 -0.5975
200422  75.2 26  0.4812 -0.5946
200422  75.2 27  0.5229 -0.5889
200422  75.2 28  0.5646 -0.5882
200422  75.2 29  0.6062 -0.5717
200422  75.2 30  0.6479 -0.5610
200422  75.2 31  0.6892 -0.5458
200422  75.2 32  0.7308 -0.5251
200422  75.2 33  0.7725 -0.4963
200422  75.2 34  0.8137 -0.4667
200422  75.2 35  0.8346 -0.4332
200422  75.2 36  0.8554 -0.3948
200422  75.2 37  0.8758 -0.3601
200422  75.2 38  0.8962 -0.3135
200422  75.2 39  0.9167 -0.2428
200422  75.2 40  0.9367 -0.1530
200422  75.2 41  0.9542 -0.0550
200422  75.2 42  0.9717  0.1084
200423  80.0  1  0.0000  0.1309
200423  80.0  2  0.0006  0.1407
200423  80.0  3  0.0022  0.0700
200423  80.0  4  0.0046 -0.0565
200423  80.0  5  0.0074 -0.1227
200423  80.0  6  0.0105 -0.1901
200423  80.0  7  0.0137 -0.2695
200423  80.0  8  0.0172 -0.3028
200423  80.0  9  0.0208 -0.3443
200423  80.0 10  0.0282 -0.3902
200423  80.0 11  0.0358 -0.4337
200423  80.0 12  0.0435 -0.4763
200423  80.0 13  0.0555 -0.5126
200423  80.0 14  0.0674 -0.5425
200423  80.0 15  0.0876 -0.5546
200423  80.0 16  0.1079 -0.5783
200423  80.0 17  0.1284 -0.5949
200423  80.0 18  0.1489 -0.6116
200423  80.0 19  0.1901 -0.6247
200423  80.0 20  0.2315 -0.6337
200423  80.0 21  0.2728 -0.6335
200423  80.0 22  0.3145 -0.6454
200423  80.0 23  0.3561 -0.6386
200423  80.0 24  0.3978 -0.6330
200423  80.0 25  0.4396 -0.6275
200423  80.0 26  0.4812 -0.6206
200423  80.0 27  0.5229 -0.6138
200423  80.0 28  0.5646 -0.6030
200423  80.0 29  0.6062 -0.5860
200423  80.0 30  0.6479 -0.5730
200423  80.0 31  0.6892 -0.5495
200423  80.0 32  0.7308 -0.5189
200423  80.0 33  0.7725 -0.4854
200423  80.0 34  0.8137 -0.4355
200423  80.0 35  0.8346 -0.4000
200423  80.0 36  0.8554 -0.3605
200423  80.0 37  0.8758 -0.3158
200423  80.0 38  0.8962 -0.2518
200423  80.0 39  0.9167 -0.1657
200423  80.0 40  0.9367 -0.0639
200423  80.0 41  0.9542  0.0516
200423  80.0 42  0.9717  0.1709
200424  84.8  1  0.0000  0.1371
200424  84.8  2  0.0006  0.0923
200424  84.8  3  0.0022 -0.0050
200424  84.8  4  0.0046 -0.1331
200424  84.8  5  0.0074 -0.2078
200424  84.8  6  0.0105 -0.2629
200424  84.8  7  0.0137 -0.3555
200424  84.8  8  0.0172 -0.3790
200424  84.8  9  0.0208 -0.4104
200424  84.8 10  0.0282 -0.4591
200424  84.8 11  0.0358 -0.4985
200424  84.8 12  0.0435 -0.5332
200424  84.8 13  0.0555 -0.5718
200424  84.8 14  0.0674 -0.6042
200424  84.8 15  0.0876 -0.6059
200424  84.8 16  0.1079 -0.6222
200424  84.8 17  0.1284 -0.6385
200424  84.8 18  0.1489 -0.6458
200424  84.8 19  0.1901 -0.6581
200424  84.8 20  0.2315 -0.6579
200424  84.8 21  0.2728 -0.6582
200424  84.8 22  0.3145 -0.6700
200424  84.8 23  0.3561 -0.6629
200424  84.8 24  0.3978 -0.6526
200424  84.8 25  0.4396 -0.6436
200424  84.8 26  0.4812 -0.6351
200424  84.8 27  0.5229 -0.6215
200424  84.8 28  0.5646 -0.6058
200424  84.8 29  0.6062 -0.5789
200424  84.8 30  0.6479 -0.5546
200424  84.8 31  0.6892 -0.5292
200424  84.8 32  0.7308 -0.4881
200424  84.8 33  0.7725 -0.4501
200424  84.8 34  0.8137 -0.3921
200424  84.8 35  0.8346 -0.3474
200424  84.8 36  0.8554 -0.2902
200424  84.8 37  0.8758 -0.2300
200424  84.8 38  0.8962 -0.1636
200424  84.8 39  0.9167 -0.0595
200424  84.8 40  0.9367  0.0334
200424  84.8 41  0.9542  0.1218
200424  84.8 42  0.9717  0.2029
200425  89.6  1  0.0000  0.1456
200425  89.6  2  0.0006  0.0643
200425  89.6  3  0.0022 -0.0613
200425  89.6  4  0.0046 -0.2054
200425  89.6  5  0.0074 -0.2731
200425  89.6  6  0.0105 -0.3251
200425  89.6  7  0.0137 -0.4207
200425  89.6  8  0.0172 -0.4475
200425  89.6  9  0.0208 -0.4738
200425  89.6 10  0.0282 -0.5178
200425  89.6 11  0.0358 -0.5559
200425  89.6 12  0.0435 -0.5785
200425  89.6 13  0.0555 -0.6113
200425  89.6 14  0.0674 -0.6432
200425  89.6 15  0.0876 -0.6479
200425  89.6 16  0.1079 -0.6502
200425  89.6 17  0.1284 -0.6767
200425  89.6 18  0.1489 -0.6794
200425  89.6 19  0.1901 -0.6830
200425  89.6 20  0.2315 -0.6777
200425  89.6 21  0.2728 -0.6751
200425  89.6 22  0.3145 -0.6822
200425  89.6 23  0.3561 -0.6750
200425  89.6 24  0.3978 -0.6593
200425  89.6 25  0.4396 -0.6478
200425  89.6 26  0.4812 -0.6319
200425  89.6 27  0.5229 -0.6169
200425  89.6 28  0.5646 -0.5934
200425  89.6 29  0.6062 -0.5626
200425  89.6 30  0.6479 -0.5339
200425  89.6 31  0.6892 -0.4918
200425  89.6 32  0.7308 -0.4602
200425  89.6 33  0.7725 -0.4011
200425  89.6 34  0.8137 -0.3193
200425  89.6 35  0.8346 -0.2577
200425  89.6 36  0.8554 -0.1896
200425  89.6 37  0.8758 -0.1173
200425  89.6 38  0.8962 -0.0588
200425  89.6 39  0.9167  0.0201
200425  89.6 40  0.9367  0.0945
200425  89.6 41  0.9542  0.1526
200425  89.6 42  0.9717  0.2105
200426  94.4  1  0.0000  0.1453
200426  94.4  2  0.0006  0.0264
200426  94.4  3  0.0022 -0.1219
200426  94.4  4  0.0046 -0.2739
200426  94.4  5  0.0074 -0.3416
200426  94.4  6  0.0105 -0.3990
200426  94.4  7  0.0137 -0.4829
200426  94.4  8  0.0172 -0.5075
200426  94.4  9  0.0208 -0.5351
200426  94.4 10  0.0282 -0.5696
200426  94.4 11  0.0358 -0.5990
200426  94.4 12  0.0435 -0.6272
200426  94.4 13  0.0555 -0.6539
200426  94.4 14  0.0674 -0.6758
200426  94.4 15  0.0876 -0.6744
200426  94.4 16  0.1079 -0.6767
200426  94.4 17  0.1284 -0.6888
200426  94.4 18  0.1489 -0.6956
200426  94.4 19  0.1901 -0.7016
200426  94.4 20  0.2315 -0.6832
200426  94.4 21  0.2728 -0.6798
200426  94.4 22  0.3145 -0.6846
200426  94.4 23  0.3561 -0.6723
200426  94.4 24  0.3978 -0.6546
200426  94.4 25  0.4396 -0.6372
200426  94.4 26  0.4812 -0.6134
200426  94.4 27  0.5229 -0.5899
200426  94.4 28  0.5646 -0.5594
200426  94.4 29  0.6062 -0.5297
200426  94.4 30  0.6479 -0.4929
200426  94.4 31  0.6892 -0.4377
200426  94.4 32  0.7308 -0.3848
200426  94.4 33  0.7725 -0.3147
200426  94.4 34  0.8137 -0.2269
200426  94.4 35  0.8346 -0.1702
200426  94.4 36  0.8554 -0.1080
200426  94.4 37  0.8758 -0.0575
200426  94.4 38  0.8962  0.0034
200426  94.4 39  0.9167  0.0545
200426  94.4 40  0.9367  0.1080
200426  94.4 41  0.9542  0.1604
200426  94.4 42  0.9717  0.2141
200427 100.0  1  0.0000  0.1525
200427 100.0  2  0.0006 -0.0238
200427 100.0  3  0.0022 -0.1936
200427 100.0  4  0.0046 -0.3451
200427 100.0  5  0.0074 -0.4152
200427 100.0  6  0.0105 -0.4635
200427 100.0  7  0.0137 -0.5493
200427 100.0  8  0.0172 -0.5650
200427 100.0  9  0.0208 -0.5908
200427 100.0 10  0.0282 -0.6181
200427 100.0 11  0.0358 -0.6415
200427 100.0 12  0.0435 -0.6617
200427 100.0 13  0.0555 -0.6798
200427 100.0 14  0.0674 -0.6944
200427 100.0 15  0.0876 -0.6810
200427 100.0 16  0.1079 -0.6867
200427 100.0 17  0.1284 -0.6956
200427 100.0 18  0.1489 -0.6974
200427 100.0 19  0.1901 -0.6954
200427 100.0 20  0.2315 -0.6683
200427 100.0 21  0.2728 -0.6679
200427 100.0 22  0.3145 -0.6692
200427 100.0 23  0.3561 -0.6496
200427 100.0 24  0.3978 -0.6308
200427 100.0 25  0.4396 -0.6063
200427 100.0 26  0.4812 -0.5750
200427 100.0 27  0.5229 -0.5358
200427 100.0 28  0.5646 -0.5026
200427 100.0 29  0.6062 -0.4531
200427 100.0 30  0.6479 -0.3987
200427 100.0 31  0.6892 -0.3443
200427 100.0 32  0.7308 -0.2836
200427 100.0 33  0.7725 -0.1936
200427 100.0 34  0.8137 -0.1215
200427 100.0 35  0.8346 -0.0848
200427 100.0 36  0.8554 -0.0438
200427 100.0 37  0.8758 -0.0210
200427 100.0 38  0.8962  0.0172
200427 100.0 39  0.9167  0.0617
200427 100.0 40  0.9367  0.1132
200427 100.0 41  0.9542  0.1646
200427 100.0 42  0.9717  0.2193
200428 104.8  1  0.0000  0.1569
200428 104.8  2  0.0006 -0.0496
200428 104.8  3  0.0022 -0.2404
200428 104.8  4  0.0046 -0.4043
200428 104.8  5  0.0074 -0.4791
200428 104.8  6  0.0105 -0.5115
200428 104.8  7  0.0137 -0.5850
200428 104.8  8  0.0172 -0.6064
200428 104.8  9  0.0208 -0.6274
200428 104.8 10  0.0282 -0.6428
200428 104.8 11  0.0358 -0.6648
200428 104.8 12  0.0435 -0.6749
200428 104.8 13  0.0555 -0.6869
200428 104.8 14  0.0674 -0.7058
200428 104.8 15  0.0876 -0.6855
200428 104.8 16  0.1079 -0.6879
200428 104.8 17  0.1284 -0.6874
200428 104.8 18  0.1489 -0.6887
200428 104.8 19  0.1901 -0.6737
200428 104.8 20  0.2315 -0.6506
200428 104.8 21  0.2728 -0.6484
200428 104.8 22  0.3145 -0.6433
200428 104.8 23  0.3561 -0.6170
200428 104.8 24  0.3978 -0.5881
200428 104.8 25  0.4396 -0.5586
200428 104.8 26  0.4812 -0.5187
200428 104.8 27  0.5229 -0.4758
200428 104.8 28  0.5646 -0.4196
200428 104.8 29  0.6062 -0.3632
200428 104.8 30  0.6479 -0.3059
200428 104.8 31  0.6892 -0.2419
200428 104.8 32  0.7308 -0.1884
200428 104.8 33  0.7725 -0.1279
200428 104.8 34  0.8137 -0.0805
200428 104.8 35  0.8346 -0.0737
200428 104.8 36  0.8554 -0.0372
200428 104.8 37  0.8758 -0.0185
200428 104.8 38  0.8962  0.0161
200428 104.8 39  0.9167  0.0652
200428 104.8 40  0.9367  0.1120
200428 104.8 41  0.9542  0.1672
200428 104.8 42  0.9717  0.2171
200429 108.0  1  0.0000  0.1455
200429 108.0  2  0.0006 -0.0727
200429 108.0  3  0.0022 -0.2764
200429 108.0  4  0.0046 -0.4355
200429 108.0  5  0.0074 -0.5042
200429 108.0  6  0.0105 -0.5444
200429 108.0  7  0.0137 -0.6128
200429 108.0  8  0.0172 -0.6270
200429 108.0  9  0.0208 -0.6434
200429 108.0 10  0.0282 -0.6584
200429 108.0 11  0.0358 -0.6689
200429 108.0 12  0.0435 -0.6806
200429 108.0 13  0.0555 -0.6878
200429 108.0 14  0.0674 -0.7103
200429 108.0 15  0.0876 -0.6790
200429 108.0 16  0.1079 -0.6786
200429 108.0 17  0.1284 -0.6736
200429 108.0 18  0.1489 -0.6685
200429 108.0 19  0.1901 -0.6638
200429 108.0 20  0.2315 -0.6305
200429 108.0 21  0.2728 -0.6250
200429 108.0 22  0.3145 -0.6139
200429 108.0 23  0.3561 -0.5874
200429 108.0 24  0.3978 -0.5542
200429 108.0 25  0.4396 -0.5203
200429 108.0 26  0.4812 -0.4721
200429 108.0 27  0.5229 -0.4200
200429 108.0 28  0.5646 -0.3552
200429 108.0 29  0.6062 -0.2937
200429 108.0 30  0.6479 -0.2439
200429 108.0 31  0.6892 -0.1972
200429 108.0 32  0.7308 -0.1477
200429 108.0 33  0.7725 -0.1191
200429 108.0 34  0.8137 -0.0797
200429 108.0 35  0.8346 -0.0620
200429 108.0 36  0.8554 -0.0442
200429 108.0 37  0.8758 -0.0077
200429 108.0 38  0.8962  0.0254
200429 108.0 39  0.9167  0.0616
200429 108.0 40  0.9367  0.1128
200429 108.0 41  0.9542  0.1629
200429 108.0 42  0.9717  0.2200
200430 111.2  1  0.0000  0.1522
200430 111.2  2  0.0006 -0.0907
200430 111.2  3  0.0022 -0.2986
200430 111.2  4  0.0046 -0.4681
200430 111.2  5  0.0074 -0.5369
200430 111.2  6  0.0105 -0.5642
200430 111.2  7  0.0137 -0.6305
200430 111.2  8  0.0172 -0.6477
200430 111.2  9  0.0208 -0.6602
200430 111.2 10  0.0282 -0.6685
200430 111.2 11  0.0358 -0.6684
200430 111.2 12  0.0435 -0.6828
200430 111.2 13  0.0555 -0.6878
200430 111.2 14  0.0674 -0.6899
200430 111.2 15  0.0876 -0.6692
200430 111.2 16  0.1079 -0.6635
200430 111.2 17  0.1284 -0.6572
200430 111.2 18  0.1489 -0.6492
200430 111.2 19  0.1901 -0.6457
200430 111.2 20  0.2315 -0.6108
200430 111.2 21  0.2728 -0.5992
200430 111.2 22  0.3145 -0.5855
200430 111.2 23  0.3561 -0.5536
200430 111.2 24  0.3978 -0.5138
200430 111.2 25  0.4396 -0.4704
200430 111.2 26  0.4812 -0.4123
200430 111.2 27  0.5229 -0.3508
200430 111.2 28  0.5646 -0.2784
200430 111.2 29  0.6062 -0.2393
200430 111.2 30  0.6479 -0.1957
200430 111.2 31  0.6892 -0.1599
200430 111.2 32  0.7308 -0.1355
200430 111.2 33  0.7725 -0.1178
200430 111.2 34  0.8137 -0.0826
200430 111.2 35  0.8346 -0.0548
200430 111.2 36  0.8554 -0.0301
200430 111.2 37  0.8758 -0.0057
200430 111.2 38  0.8962  0.0214
200430 111.2 39  0.9167  0.0669
200430 111.2 40  0.9367  0.1095
200430 111.2 41  0.9542  0.1649
200430 111.2 42  0.9717  0.2200
200431 114.4  1  0.0000  0.1510
200431 114.4  2  0.0006 -0.1177
200431 114.4  3  0.0022 -0.3422
200431 114.4  4  0.0046 -0.4970
200431 114.4  5  0.0074 -0.5604
200431 114.4  6  0.0105 -0.5847
200431 114.4  7  0.0137 -0.6439
200431 114.4  8  0.0172 -0.6570
200431 114.4  9  0.0208 -0.6627
200431 114.4 10  0.0282 -0.6723
200431 114.4 11  0.0358 -0.6774
200431 114.4 12  0.0435 -0.6796
200431 114.4 13  0.0555 -0.6800
200431 114.4 14  0.0674 -0.6855
200431 114.4 15  0.0876 -0.6543
200431 114.4 16  0.1079 -0.6455
200431 114.4 17  0.1284 -0.6380
200431 114.4 18  0.1489 -0.6349
200431 114.4 19  0.1901 -0.6264
200431 114.4 20  0.2315 -0.5811
200431 114.4 21  0.2728 -0.5751
200431 114.4 22  0.3145 -0.5551
200431 114.4 23  0.3561 -0.5202
200431 114.4 24  0.3978 -0.4762
200431 114.4 25  0.4396 -0.4270
200431 114.4 26  0.4812 -0.3642
200431 114.4 27  0.5229 -0.2944
200431 114.4 28  0.5646 -0.2366
200431 114.4 29  0.6062 -0.2023
200431 114.4 30  0.6479 -0.1774
200431 114.4 31  0.6892 -0.1583
200431 114.4 32  0.7308 -0.1336
200431 114.4 33  0.7725 -0.1110
200431 114.4 34  0.8137 -0.0791
200431 114.4 35  0.8346 -0.0650
200431 114.4 36  0.8554 -0.0321
200431 114.4 37  0.8758 -0.0096
200431 114.4 38  0.8962  0.0236
200431 114.4 39  0.9167  0.0599
200431 114.4 40  0.9367  0.1114
200431 114.4 41  0.9542  0.1634
200431 114.4 42  0.9717  0.2181
200432 116.8  1  0.0000  0.1574
200432 116.8  2  0.0006 -0.1232
200432 116.8  3  0.0022 -0.3569
200432 116.8  4  0.0046 -0.5113
200432 116.8  5  0.0074 -0.5757
200432 116.8  6  0.0105 -0.6005
200432 116.8  7  0.0137 -0.6627
200432 116.8  8  0.0172 -0.6684
200432 116.8  9  0.0208 -0.6669
200432 116.8 10  0.0282 -0.6715
200432 116.8 11  0.0358 -0.6671
200432 116.8 12  0.0435 -0.6752
200432 116.8 13  0.0555 -0.6710
200432 116.8 14  0.0674 -0.6714
200432 116.8 15  0.0876 -0.6365
200432 116.8 16  0.1079 -0.6281
200432 116.8 17  0.1284 -0.6200
200432 116.8 18  0.1489 -0.6170
200432 116.8 19  0.1901 -0.6052
200432 116.8 20  0.2315 -0.5583
200432 116.8 21  0.2728 -0.5448
200432 116.8 22  0.3145 -0.5209
200432 116.8 23  0.3561 -0.4794
200432 116.8 24  0.3978 -0.4344
200432 116.8 25  0.4396 -0.3713
200432 116.8 26  0.4812 -0.3068
200432 116.8 27  0.5229 -0.2453
200432 116.8 28  0.5646 -0.2082
200432 116.8 29  0.6062 -0.1867
200432 116.8 30  0.6479 -0.1658
200432 116.8 31  0.6892 -0.1537
200432 116.8 32  0.7308 -0.1299
200432 116.8 33  0.7725 -0.1073
200432 116.8 34  0.8137 -0.0829
200432 116.8 35  0.8346 -0.0646
200432 116.8 36  0.8554 -0.0327
200432 116.8 37  0.8758 -0.0149
200432 116.8 38  0.8962  0.0154
200432 116.8 39  0.9167  0.0601
200432 116.8 40  0.9367  0.1085
200432 116.8 41  0.9542  0.1602
200432 116.8 42  0.9717  0.2148
200433 120.0  1  0.0000  0.1539
200433 120.0  2  0.0006 -0.1418
200433 120.0  3  0.0022 -0.3713
200433 120.0  4  0.0046 -0.5361
200433 120.0  5  0.0074 -0.6026
200433 120.0  6  0.0105 -0.6131
200433 120.0  7  0.0137 -0.6697
200433 120.0  8  0.0172 -0.6778
200433 120.0  9  0.0208 -0.6804
200433 120.0 10  0.0282 -0.6731
200433 120.0 11  0.0358 -0.6687
200433 120.0 12  0.0435 -0.6578
200433 120.0 13  0.0555 -0.6531
200433 120.0 14  0.0674 -0.6498
200433 120.0 15  0.0876 -0.6235
200433 120.0 16  0.1079 -0.6084
200433 120.0 17  0.1284 -0.6060
200433 120.0 18  0.1489 -0.6055
200433 120.0 19  0.1901 -0.5841
200433 120.0 20  0.2315 -0.5231
200433 120.0 21  0.2728 -0.5049
200433 120.0 22  0.3145 -0.4805
200433 120.0 23  0.3561 -0.4323
200433 120.0 24  0.3978 -0.3771
200433 120.0 25  0.4396 -0.3184
200433 120.0 26  0.4812 -0.2444
200433 120.0 27  0.5229 -0.2066
200433 120.0 28  0.5646 -0.1882
200433 120.0 29  0.6062 -0.1790
200433 120.0 30  0.6479 -0.1653
200433 120.0 31  0.6892 -0.1468
200433 120.0 32  0.7308 -0.1361
200433 120.0 33  0.7725 -0.1088
200433 120.0 34  0.8137 -0.0903
200433 120.0 35  0.8346 -0.0673
200433 120.0 36  0.8554 -0.0476
200433 120.0 37  0.8758 -0.0199
200433 120.0 38  0.8962  0.0066
200433 120.0 39  0.9167  0.0417
200433 120.0 40  0.9367  0.0844
200433 120.0 41  0.9542  0.1341
200433 120.0 42  0.9717  0.1909
200434 123.2  1  0.0000  0.1597
200434 123.2  2  0.0006 -0.1579
200434 123.2  3  0.0022 -0.4145
200434 123.2  4  0.0046 -0.5609
200434 123.2  5  0.0074 -0.6125
200434 123.2  6  0.0105 -0.6261
200434 123.2  7  0.0137 -0.6788
200434 123.2  8  0.0172 -0.6711
200434 123.2  9  0.0208 -0.6745
200434 123.2 10  0.0282 -0.6668
200434 123.2 11  0.0358 -0.6553
200434 123.2 12  0.0435 -0.6441
200434 123.2 13  0.0555 -0.6343
200434 123.2 14  0.0674 -0.6301
200434 123.2 15  0.0876 -0.6047
200434 123.2 16  0.1079 -0.5955
200434 123.2 17  0.1284 -0.5980
200434 123.2 18  0.1489 -0.6009
200434 123.2 19  0.1901 -0.5537
200434 123.2 20  0.2315 -0.4786
200434 123.2 21  0.2728 -0.4592
200434 123.2 22  0.3145 -0.4281
200434 123.2 23  0.3561 -0.3723
200434 123.2 24  0.3978 -0.3125
200434 123.2 25  0.4396 -0.2553
200434 123.2 26  0.4812 -0.2143
200434 123.2 27  0.5229 -0.1926
200434 123.2 28  0.5646 -0.1858
200434 123.2 29  0.6062 -0.1848
200434 123.2 30  0.6479 -0.1637
200434 123.2 31  0.6892 -0.1532
200434 123.2 32  0.7308 -0.1378
200434 123.2 33  0.7725 -0.1190
200434 123.2 34  0.8137 -0.0903
200434 123.2 35  0.8346 -0.0814
200434 123.2 36  0.8554 -0.0626
200434 123.2 37  0.8758 -0.0408
200434 123.2 38  0.8962 -0.0130
200434 123.2 39  0.9167  0.0157
200434 123.2 40  0.9367  0.0602
200434 123.2 41  0.9542  0.1159
200434 123.2 42  0.9717  0.1817
200435 125.6  1  0.0000  0.1511
200435 125.6  2  0.0006 -0.1671
200435 125.6  3  0.0022 -0.4269
200435 125.6  4  0.0046 -0.5771
200435 125.6  5  0.0074 -0.6298
200435 125.6  6  0.0105 -0.6363
200435 125.6  7  0.0137 -0.6824
200435 125.6  8  0.0172 -0.6840
200435 125.6  9  0.0208 -0.6767
200435 125.6 10  0.0282 -0.6621
200435 125.6 11  0.0358 -0.6455
200435 125.6 12  0.0435 -0.6345
200435 125.6 13  0.0555 -0.6179
200435 125.6 14  0.0674 -0.6103
200435 125.6 15  0.0876 -0.5921
200435 125.6 16  0.1079 -0.5850
200435 125.6 17  0.1284 -0.5899
200435 125.6 18  0.1489 -0.5831
200435 125.6 19  0.1901 -0.4798
200435 125.6 20  0.2315 -0.4516
200435 125.6 21  0.2728 -0.4350
200435 125.6 22  0.3145 -0.3921
200435 125.6 23  0.3561 -0.3311
200435 125.6 24  0.3978 -0.2773
200435 125.6 25  0.4396 -0.2337
200435 125.6 26  0.4812 -0.2020
200435 125.6 27  0.5229 -0.1870
200435 125.6 28  0.5646 -0.1852
200435 125.6 29  0.6062 -0.1817
200435 125.6 30  0.6479 -0.1622
200435 125.6 31  0.6892 -0.1526
200435 125.6 32  0.7308 -0.1397
200435 125.6 33  0.7725 -0.1243
200435 125.6 34  0.8137 -0.0928
200435 125.6 35  0.8346 -0.0838
200435 125.6 36  0.8554 -0.0559
200435 125.6 37  0.8758 -0.0391
200435 125.6 38  0.8962 -0.0135
200435 125.6 39  0.9167  0.0151
200435 125.6 40  0.9367  0.0564
200435 125.6 41  0.9542  0.1160
200435 125.6 42  0.9717  0.1816
200436 128.8  1  0.0000  0.1517
200436 128.8  2  0.0006 -0.1915
200436 128.8  3  0.0022 -0.4433
200436 128.8  4  0.0046 -0.5924
200436 128.8  5  0.0074 -0.6441
200436 128.8  6  0.0105 -0.6430
200436 128.8  7  0.0137 -0.6900
200436 128.8  8  0.0172 -0.6780
200436 128.8  9  0.0208 -0.6759
200436 128.8 10  0.0282 -0.6506
200436 128.8 11  0.0358 -0.6381
200436 128.8 12  0.0435 -0.6181
200436 128.8 13  0.0555 -0.6060
200436 128.8 14  0.0674 -0.5961
200436 128.8 15  0.0876 -0.5807
200436 128.8 16  0.1079 -0.5821
200436 128.8 17  0.1284 -0.5866
200436 128.8 18  0.1489 -0.5197
200436 128.8 19  0.1901 -0.4199
200436 128.8 20  0.2315 -0.4174
200436 128.8 21  0.2728 -0.3931
200436 128.8 22  0.3145 -0.3484
200436 128.8 23  0.3561 -0.2890
200436 128.8 24  0.3978 -0.2426
200436 128.8 25  0.4396 -0.2162
200436 128.8 26  0.4812 -0.1951
200436 128.8 27  0.5229 -0.1837
200436 128.8 28  0.5646 -0.1876
200436 128.8 29  0.6062 -0.1913
200436 128.8 30  0.6479 -0.1683
200436 128.8 31  0.6892 -0.1564
200436 128.8 32  0.7308 -0.1448
200436 128.8 33  0.7725 -0.1234
200436 128.8 34  0.8137 -0.1001
200436 128.8 35  0.8346 -0.0800
200436 128.8 36  0.8554 -0.0590
200436 128.8 37  0.8758 -0.0377
200436 128.8 38  0.8962 -0.0128
200436 128.8 39  0.9167  0.0107
200436 128.8 40  0.9367  0.0554
200436 128.8 41  0.9542  0.1103
200436 128.8 42  0.9717  0.1850
200437 132.0  1  0.0000  0.1537
200437 132.0  2  0.0006 -0.2068
200437 132.0  3  0.0022 -0.4580
200437 132.0  4  0.0046 -0.6122
200437 132.0  5  0.0074 -0.6564
200437 132.0  6  0.0105 -0.6420
200437 132.0  7  0.0137 -0.6895
200437 132.0  8  0.0172 -0.6808
200437 132.0  9  0.0208 -0.6646
200437 132.0 10  0.0282 -0.6377
200437 132.0 11  0.0358 -0.6209
200437 132.0 12  0.0435 -0.6011
200437 132.0 13  0.0555 -0.5856
200437 132.0 14  0.0674 -0.5880
200437 132.0 15  0.0876 -0.5799
200437 132.0 16  0.1079 -0.5294
200437 132.0 17  0.1284 -0.4320
200437 132.0 18  0.1489 -0.4196
200437 132.0 19  0.1901 -0.3900
200437 132.0 20  0.2315 -0.3688
200437 132.0 21  0.2728 -0.3368
200437 132.0 22  0.3145 -0.2895
200437 132.0 23  0.3561 -0.2460
200437 132.0 24  0.3978 -0.2190
200437 132.0 25  0.4396 -0.2067
200437 132.0 26  0.4812 -0.1889
200437 132.0 27  0.5229 -0.1851
200437 132.0 28  0.5646 -0.1918
200437 132.0 29  0.6062 -0.1978
200437 132.0 30  0.6479 -0.1757
200437 132.0 31  0.6892 -0.1576
200437 132.0 32  0.7308 -0.1402
200437 132.0 33  0.7725 -0.1266
200437 132.0 34  0.8137 -0.1005
200437 132.0 35  0.8346 -0.0888
200437 132.0 36  0.8554 -0.0603
200437 132.0 37  0.8758 -0.0365
200437 132.0 38  0.8962 -0.0174
200437 132.0 39  0.9167  0.0065
200437 132.0 40  0.9367  0.0524
200437 132.0 41  0.9542  0.1120
200437 132.0 42  0.9717  0.1845
200438 135.2  1  0.0000  0.1476
200438 135.2  2  0.0006 -0.2129
200438 135.2  3  0.0022 -0.4763
200438 135.2  4  0.0046 -0.6185
200438 135.2  5  0.0074 -0.6620
200438 135.2  6  0.0105 -0.6547
200438 135.2  7  0.0137 -0.6860
200438 135.2  8  0.0172 -0.6728
200438 135.2  9  0.0208 -0.6589
200438 135.2 10  0.0282 -0.6295
200438 135.2 11  0.0358 -0.6054
200438 135.2 12  0.0435 -0.5810
200438 135.2 13  0.0555 -0.5777
200438 135.2 14  0.0674 -0.5842
200438 135.2 15  0.0876 -0.5447
200438 135.2 16  0.1079 -0.4125
200438 135.2 17  0.1284 -0.4015
200438 135.2 18  0.1489 -0.3909
200438 135.2 19  0.1901 -0.3583
200438 135.2 20  0.2315 -0.3251
200438 135.2 21  0.2728 -0.2919
200438 135.2 22  0.3145 -0.2532
200438 135.2 23  0.3561 -0.2222
200438 135.2 24  0.3978 -0.2131
200438 135.2 25  0.4396 -0.2006
200438 135.2 26  0.4812 -0.1865
200438 135.2 27  0.5229 -0.1855
200438 135.2 28  0.5646 -0.1877
200438 135.2 29  0.6062 -0.1875
200438 135.2 30  0.6479 -0.1742
200438 135.2 31  0.6892 -0.1525
200438 135.2 32  0.7308 -0.1406
200438 135.2 33  0.7725 -0.1195
200438 135.2 34  0.8137 -0.0960
200438 135.2 35  0.8346 -0.0887
200438 135.2 36  0.8554 -0.0555
200438 135.2 37  0.8758 -0.0333
200438 135.2 38  0.8962 -0.0075
200438 135.2 39  0.9167  0.0327
200438 135.2 40  0.9367  0.0836
200438 135.2 41  0.9542  0.1465
200438 135.2 42  0.9717  0.2147
200439 138.4  1  0.0000  0.1514
200439 138.4  2  0.0006 -0.2368
200439 138.4  3  0.0022 -0.4967
200439 138.4  4  0.0046 -0.6360
200439 138.4  5  0.0074 -0.6669
200439 138.4  6  0.0105 -0.6563
200439 138.4  7  0.0137 -0.6787
200439 138.4  8  0.0172 -0.6651
200439 138.4  9  0.0208 -0.6438
200439 138.4 10  0.0282 -0.6136
200439 138.4 11  0.0358 -0.5833
200439 138.4 12  0.0435 -0.5616
200439 138.4 13  0.0555 -0.5657
200439 138.4 14  0.0674 -0.5821
200439 138.4 15  0.0876 -0.4009
200439 138.4 16  0.1079 -0.3850
200439 138.4 17  0.1284 -0.3701
200439 138.4 18  0.1489 -0.3580
200439 138.4 19  0.1901 -0.3126
200439 138.4 20  0.2315 -0.2777
200439 138.4 21  0.2728 -0.2463
200439 138.4 22  0.3145 -0.2200
200439 138.4 23  0.3561 -0.2115
200439 138.4 24  0.3978 -0.2071
200439 138.4 25  0.4396 -0.1965
200439 138.4 26  0.4812 -0.1836
200439 138.4 27  0.5229 -0.1715
200439 138.4 28  0.5646 -0.1613
200439 138.4 29  0.6062 -0.1663
200439 138.4 30  0.6479 -0.1621
200439 138.4 31  0.6892 -0.1528
200439 138.4 32  0.7308 -0.1390
200439 138.4 33  0.7725 -0.1326
200439 138.4 34  0.8137 -0.1035
200439 138.4 35  0.8346 -0.0853
200439 138.4 36  0.8554 -0.0550
200439 138.4 37  0.8758 -0.0340
200439 138.4 38  0.8962 -0.0057
200439 138.4 39  0.9167  0.0405
200439 138.4 40  0.9367  0.0927
200439 138.4 41  0.9542  0.1582
200439 138.4 42  0.9717  0.2173
200440 140.8  1  0.0000  0.1463
200440 140.8  2  0.0006 -0.2395
200440 140.8  3  0.0022 -0.5061
200440 140.8  4  0.0046 -0.6489
200440 140.8  5  0.0074 -0.6789
200440 140.8  6  0.0105 -0.6546
200440 140.8  7  0.0137 -0.6797
200440 140.8  8  0.0172 -0.6593
200440 140.8  9  0.0208 -0.6375
200440 140.8 10  0.0282 -0.6058
200440 140.8 11  0.0358 -0.5741
200440 140.8 12  0.0435 -0.5554
200440 140.8 13  0.0555 -0.5623
200440 140.8 14  0.0674 -0.5589
200440 140.8 15  0.0876 -0.3792
200440 140.8 16  0.1079 -0.3667
200440 140.8 17  0.1284 -0.3464
200440 140.8 18  0.1489 -0.3346
200440 140.8 19  0.1901 -0.2841
200440 140.8 20  0.2315 -0.2422
200440 140.8 21  0.2728 -0.2172
200440 140.8 22  0.3145 -0.2044
200440 140.8 23  0.3561 -0.2056
200440 140.8 24  0.3978 -0.2072
200440 140.8 25  0.4396 -0.1992
200440 140.8 26  0.4812 -0.1944
200440 140.8 27  0.5229 -0.1996
200440 140.8 28  0.5646 -0.1937
200440 140.8 29  0.6062 -0.1729
200440 140.8 30  0.6479 -0.1674
200440 140.8 31  0.6892 -0.1612
200440 140.8 32  0.7308 -0.1539
200440 140.8 33  0.7725 -0.1298
200440 140.8 34  0.8137 -0.0985
200440 140.8 35  0.8346 -0.0857
200440 140.8 36  0.8554 -0.0491
200440 140.8 37  0.8758 -0.0234
200440 140.8 38  0.8962 -0.0031
200440 140.8 39  0.9167  0.0398
200440 140.8 40  0.9367  0.0935
200440 140.8 41  0.9542  0.1567
200440 140.8 42  0.9717  0.2186
200441 144.0  1  0.0000  0.1416
200441 144.0  2  0.0006 -0.2416
200441 144.0  3  0.0022 -0.5071
200441 144.0  4  0.0046 -0.6517
200441 144.0  5  0.0074 -0.6822
200441 144.0  6  0.0105 -0.6536
200441 144.0  7  0.0137 -0.6726
200441 144.0  8  0.0172 -0.6553
200441 144.0  9  0.0208 -0.6321
200441 144.0 10  0.0282 -0.5945
200441 144.0 11  0.0358 -0.5590
200441 144.0 12  0.0435 -0.5447
200441 144.0 13  0.0555 -0.5560
200441 144.0 14  0.0674 -0.4306
200441 144.0 15  0.0876 -0.3592
200441 144.0 16  0.1079 -0.3389
200441 144.0 17  0.1284 -0.3173
200441 144.0 18  0.1489 -0.2966
200441 144.0 19  0.1901 -0.2442
200441 144.0 20  0.2315 -0.2034
200441 144.0 21  0.2728 -0.1864
200441 144.0 22  0.3145 -0.1897
200441 144.0 23  0.3561 -0.2036
200441 144.0 24  0.3978 -0.2128
200441 144.0 25  0.4396 -0.2111
200441 144.0 26  0.4812 -0.2282
200441 144.0 27  0.5229 -0.2926
200441 144.0 28  0.5646 -0.2195
200441 144.0 29  0.6062 -0.1798
200441 144.0 30  0.6479 -0.1797
200441 144.0 31  0.6892 -0.1691
200441 144.0 32  0.7308 -0.1578
200441 144.0 33  0.7725 -0.1311
200441 144.0 34  0.8137 -0.0949
200441 144.0 35  0.8346 -0.0769
200441 144.0 36  0.8554 -0.0495
200441 144.0 37  0.8758 -0.0294
200441 144.0 38  0.8962 -0.0016
200441 144.0 39  0.9167  0.0372
200441 144.0 40  0.9367  0.0892
200441 144.0 41  0.9542  0.1547
200441 144.0 42  0.9717  0.2171
200442 147.2  1  0.0000  0.1389
200442 147.2  2  0.0006 -0.2561
200442 147.2  3  0.0022 -0.5288
200442 147.2  4  0.0046 -0.6576
200442 147.2  5  0.0074 -0.6764
200442 147.2  6  0.0105 -0.6478
200442 147.2  7  0.0137 -0.6651
200442 147.2  8  0.0172 -0.6418
200442 147.2  9  0.0208 -0.6186
200442 147.2 10  0.0282 -0.5773
200442 147.2 11  0.0358 -0.5469
200442 147.2 12  0.0435 -0.5294
200442 147.2 13  0.0555 -0.4987
200442 147.2 14  0.0674 -0.3949
200442 147.2 15  0.0876 -0.3294
200442 147.2 16  0.1079 -0.3055
200442 147.2 17  0.1284 -0.2804
200442 147.2 18  0.1489 -0.2552
200442 147.2 19  0.1901 -0.2077
200442 147.2 20  0.2315 -0.1651
200442 147.2 21  0.2728 -0.1592
200442 147.2 22  0.3145 -0.1791
200442 147.2 23  0.3561 -0.2040
200442 147.2 24  0.3978 -0.2239
200442 147.2 25  0.4396 -0.2317
200442 147.2 26  0.4812 -0.2545
200442 147.2 27  0.5229 -0.2634
200442 147.2 28  0.5646 -0.2040
200442 147.2 29  0.6062 -0.1645
200442 147.2 30  0.6479 -0.1655
200442 147.2 31  0.6892 -0.1646
200442 147.2 32  0.7308 -0.1464
200442 147.2 33  0.7725 -0.1204
200442 147.2 34  0.8137 -0.0864
200442 147.2 35  0.8346 -0.0697
200442 147.2 36  0.8554 -0.0589
200442 147.2 37  0.8758 -0.0281
200442 147.2 38  0.8962  0.0002
200442 147.2 39  0.9167  0.0346
200442 147.2 40  0.9367  0.0850
200442 147.2 41  0.9542  0.1539
200442 147.2 42  0.9717  0.2155
200443 150.4  1  0.0000  0.1448
200443 150.4  2  0.0006 -0.2680
200443 150.4  3  0.0022 -0.5307
200443 150.4  4  0.0046 -0.6629
200443 150.4  5  0.0074 -0.6874
200443 150.4  6  0.0105 -0.6490
200443 150.4  7  0.0137 -0.6616
200443 150.4  8  0.0172 -0.6364
200443 150.4  9  0.0208 -0.6067
200443 150.4 10  0.0282 -0.5639
200443 150.4 11  0.0358 -0.5312
200443 150.4 12  0.0435 -0.5167
200443 150.4 13  0.0555 -0.4211
200443 150.4 14  0.0674 -0.3797
200443 150.4 15  0.0876 -0.3101
200443 150.4 16  0.1079 -0.2809
200443 150.4 17  0.1284 -0.2539
200443 150.4 18  0.1489 -0.2313
200443 150.4 19  0.1901 -0.1815
200443 150.4 20  0.2315 -0.1482
200443 150.4 21  0.2728 -0.1443
200443 150.4 22  0.3145 -0.1729
200443 150.4 23  0.3561 -0.2035
200443 150.4 24  0.3978 -0.2413
200443 150.4 25  0.4396 -0.2615
200443 150.4 26  0.4812 -0.2810
200443 150.4 27  0.5229 -0.2901
200443 150.4 28  0.5646 -0.2311
200443 150.4 29  0.6062 -0.1620
200443 150.4 30  0.6479 -0.1555
200443 150.4 31  0.6892 -0.1627
200443 150.4 32  0.7308 -0.1469
200443 150.4 33  0.7725 -0.1220
200443 150.4 34  0.8137 -0.0924
200443 150.4 35  0.8346 -0.0716
200443 150.4 36  0.8554 -0.0529
200443 150.4 37  0.8758 -0.0342
200443 150.4 38  0.8962 -0.0093
200443 150.4 39  0.9167  0.0287
200443 150.4 40  0.9367  0.0791
200443 150.4 41  0.9542  0.1419
200443 150.4 42  0.9717  0.2101
200444 152.8  1  0.0000  0.1440
200444 152.8  2  0.0006 -0.2740
200444 152.8  3  0.0022 -0.5334
200444 152.8  4  0.0046 -0.6756
200444 152.8  5  0.0074 -0.6807
200444 152.8  6  0.0105 -0.6497
200444 152.8  7  0.0137 -0.6554
200444 152.8  8  0.0172 -0.6285
200444 152.8  9  0.0208 -0.5967
200444 152.8 10  0.0282 -0.5528
200444 152.8 11  0.0358 -0.5164
200444 152.8 12  0.0435 -0.4999
200444 152.8 13  0.0555 -0.3972
200444 152.8 14  0.0674 -0.3634
200444 152.8 15  0.0876 -0.2890
200444 152.8 16  0.1079 -0.2598
200444 152.8 17  0.1284 -0.2327
200444 152.8 18  0.1489 -0.2083
200444 152.8 19  0.1901 -0.1586
200444 152.8 20  0.2315 -0.1355
200444 152.8 21  0.2728 -0.1328
200444 152.8 22  0.3145 -0.1599
200444 152.8 23  0.3561 -0.1955
200444 152.8 24  0.3978 -0.2567
200444 152.8 25  0.4396 -0.3158
200444 152.8 26  0.4812 -0.3751
200444 152.8 27  0.5229 -0.4471
200444 152.8 28  0.5646 -0.3877
200444 152.8 29  0.6062 -0.2113
200444 152.8 30  0.6479 -0.1687
200444 152.8 31  0.6892 -0.1738
200444 152.8 32  0.7308 -0.1507
200444 152.8 33  0.7725 -0.1223
200444 152.8 34  0.8137 -0.0952
200444 152.8 35  0.8346 -0.0818
200444 152.8 36  0.8554 -0.0603
200444 152.8 37  0.8758 -0.0482
200444 152.8 38  0.8962 -0.0354
200444 152.8 39  0.9167 -0.0083
200444 152.8 40  0.9367  0.0306
200444 152.8 41  0.9542  0.0971
200444 152.8 42  0.9717  0.1826
200445 156.0  1  0.0000  0.1368
200445 156.0  2  0.0006 -0.2845
200445 156.0  3  0.0022 -0.5504
200445 156.0  4  0.0046 -0.6721
200445 156.0  5  0.0074 -0.6842
200445 156.0  6  0.0105 -0.6488
200445 156.0  7  0.0137 -0.6489
200445 156.0  8  0.0172 -0.6169
200445 156.0  9  0.0208 -0.5904
200445 156.0 10  0.0282 -0.5384
200445 156.0 11  0.0358 -0.5048
200445 156.0 12  0.0435 -0.4661
200445 156.0 13  0.0555 -0.3806
200445 156.0 14  0.0674 -0.3472
200445 156.0 15  0.0876 -0.2725
200445 156.0 16  0.1079 -0.2397
200445 156.0 17  0.1284 -0.2127
200445 156.0 18  0.1489 -0.1863
200445 156.0 19  0.1901 -0.1437
200445 156.0 20  0.2315 -0.1253
200445 156.0 21  0.2728 -0.1206
200445 156.0 22  0.3145 -0.1428
200445 156.0 23  0.3561 -0.1875
200445 156.0 24  0.3978 -0.2623
200445 156.0 25  0.4396 -0.3572
200445 156.0 26  0.4812 -0.5096
200445 156.0 27  0.5229 -0.5731
200445 156.0 28  0.5646 -0.4845
200445 156.0 29  0.6062 -0.3359
200445 156.0 30  0.6479 -0.2268
200445 156.0 31  0.6892 -0.2018
200445 156.0 32  0.7308 -0.1722
200445 156.0 33  0.7725 -0.1340
200445 156.0 34  0.8137 -0.1013
200445 156.0 35  0.8346 -0.0966
200445 156.0 36  0.8554 -0.0744
200445 156.0 37  0.8758 -0.0533
200445 156.0 38  0.8962 -0.0467
200445 156.0 39  0.9167 -0.0150
200445 156.0 40  0.9367  0.0355
200445 156.0 41  0.9542  0.1050
200445 156.0 42  0.9717  0.1853
200446 159.2  1  0.0000  0.1329
200446 159.2  2  0.0006 -0.2905
200446 159.2  3  0.0022 -0.5623
200446 159.2  4  0.0046 -0.6711
200446 159.2  5  0.0074 -0.6865
200446 159.2  6  0.0105 -0.6449
200446 159.2  7  0.0137 -0.6431
200446 159.2  8  0.0172 -0.6136
200446 159.2  9  0.0208 -0.5791
200446 159.2 10  0.0282 -0.5297
200446 159.2 11  0.0358 -0.4837
200446 159.2 12  0.0435 -0.4310
200446 159.2 13  0.0555 -0.3748
200446 159.2 14  0.0674 -0.3277
200446 159.2 15  0.0876 -0.2503
200446 159.2 16  0.1079 -0.2162
200446 159.2 17  0.1284 -0.1896
200446 159.2 18  0.1489 -0.1681
200446 159.2 19  0.1901 -0.1339
200446 159.2 20  0.2315 -0.1186
200446 159.2 21  0.2728 -0.1146
200446 159.2 22  0.3145 -0.1323
200446 159.2 23  0.3561 -0.1699
200446 159.2 24  0.3978 -0.2516
200446 159.2 25  0.4396 -0.3768
200446 159.2 26  0.4812 -0.5263
200446 159.2 27  0.5229 -0.4916
200446 159.2 28  0.5646 -0.4545
200446 159.2 29  0.6062 -0.3718
200446 159.2 30  0.6479 -0.2898
200446 159.2 31  0.6892 -0.2480
200446 159.2 32  0.7308 -0.2118
200446 159.2 33  0.7725 -0.1669
200446 159.2 34  0.8137 -0.1237
200446 159.2 35  0.8346 -0.1120
200446 159.2 36  0.8554 -0.0921
200446 159.2 37  0.8758 -0.0725
200446 159.2 38  0.8962 -0.0451
200446 159.2 39  0.9167 -0.0112
200446 159.2 40  0.9367  0.0390
200446 159.2 41  0.9542  0.1112
200446 159.2 42  0.9717  0.1853
200447 162.4  1  0.0000  0.1462
200447 162.4  2  0.0006 -0.2916
200447 162.4  3  0.0022 -0.5557
200447 162.4  4  0.0046 -0.6821
200447 162.4  5  0.0074 -0.6850
200447 162.4  6  0.0105 -0.6404
200447 162.4  7  0.0137 -0.6381
200447 162.4  8  0.0172 -0.6081
200447 162.4  9  0.0208 -0.5690
200447 162.4 10  0.0282 -0.5188
200447 162.4 11  0.0358 -0.4702
200447 162.4 12  0.0435 -0.4109
200447 162.4 13  0.0555 -0.3636
200447 162.4 14  0.0674 -0.3151
200447 162.4 15  0.0876 -0.2355
200447 162.4 16  0.1079 -0.2029
200447 162.4 17  0.1284 -0.1765
200447 162.4 18  0.1489 -0.1605
200447 162.4 19  0.1901 -0.1303
200447 162.4 20  0.2315 -0.1183
200447 162.4 21  0.2728 -0.1194
200447 162.4 22  0.3145 -0.1362
200447 162.4 23  0.3561 -0.1651
200447 162.4 24  0.3978 -0.2394
200447 162.4 25  0.4396 -0.3437
200447 162.4 26  0.4812 -0.3930
200447 162.4 27  0.5229 -0.3294
200447 162.4 28  0.5646 -0.3331
200447 162.4 29  0.6062 -0.3122
200447 162.4 30  0.6479 -0.2814
200447 162.4 31  0.6892 -0.2652
200447 162.4 32  0.7308 -0.2219
200447 162.4 33  0.7725 -0.1855
200447 162.4 34  0.8137 -0.1388
200447 162.4 35  0.8346 -0.1341
200447 162.4 36  0.8554 -0.0996
200447 162.4 37  0.8758 -0.0750
200447 162.4 38  0.8962 -0.0450
200447 162.4 39  0.9167  0.0038
200447 162.4 40  0.9367  0.0702
200447 162.4 41  0.9542  0.1445
200447 162.4 42  0.9717  0.2135
200448 164.8  1  0.0000  0.1266
200448 164.8  2  0.0006 -0.2961
200448 164.8  3  0.0022 -0.5656
200448 164.8  4  0.0046 -0.6849
200448 164.8  5  0.0074 -0.6828
200448 164.8  6  0.0105 -0.6396
200448 164.8  7  0.0137 -0.6311
200448 164.8  8  0.0172 -0.5981
200448 164.8  9  0.0208 -0.5626
200448 164.8 10  0.0282 -0.5081
200448 164.8 11  0.0358 -0.4542
200448 164.8 12  0.0435 -0.4017
200448 164.8 13  0.0555 -0.3484
200448 164.8 14  0.0674 -0.3001
200448 164.8 15  0.0876 -0.2225
200448 164.8 16  0.1079 -0.1901
200448 164.8 17  0.1284 -0.1664
200448 164.8 18  0.1489 -0.1498
200448 164.8 19  0.1901 -0.1240
200448 164.8 20  0.2315 -0.1158
200448 164.8 21  0.2728 -0.1194
200448 164.8 22  0.3145 -0.1323
200448 164.8 23  0.3561 -0.1483
200448 164.8 24  0.3978 -0.2051
200448 164.8 25  0.4396 -0.2557
200448 164.8 26  0.4812 -0.2063
200448 164.8 27  0.5229 -0.1787
200448 164.8 28  0.5646 -0.2103
200448 164.8 29  0.6062 -0.2374
200448 164.8 30  0.6479 -0.2457
200448 164.8 31  0.6892 -0.2514
200448 164.8 32  0.7308 -0.2261
200448 164.8 33  0.7725 -0.1836
200448 164.8 34  0.8137 -0.1424
200448 164.8 35  0.8346 -0.1328
200448 164.8 36  0.8554 -0.1035
200448 164.8 37  0.8758 -0.0767
200448 164.8 38  0.8962 -0.0432
200448 164.8 39  0.9167 -0.0019
200448 164.8 40  0.9367  0.0734
200448 164.8 41  0.9542  0.1550
200448 164.8 42  0.9717  0.2191
200449 168.0  1  0.0000  0.1336
200449 168.0  2  0.0006 -0.3002
200449 168.0  3  0.0022 -0.5630
200449 168.0  4  0.0046 -0.6851
200449 168.0  5  0.0074 -0.6891
200449 168.0  6  0.0105 -0.6366
200449 168.0  7  0.0137 -0.6280
200449 168.0  8  0.0172 -0.5923
200449 168.0  9  0.0208 -0.5583
200449 168.0 10  0.0282 -0.5007
200449 168.0 11  0.0358 -0.4434
200449 168.0 12  0.0435 -0.3892
200449 168.0 13  0.0555 -0.3356
200449 168.0 14  0.0674 -0.2872
200449 168.0 15  0.0876 -0.2076
200449 168.0 16  0.1079 -0.1776
200449 168.0 17  0.1284 -0.1564
200449 168.0 18  0.1489 -0.1393
200449 168.0 19  0.1901 -0.1155
200449 168.0 20  0.2315 -0.1046
200449 168.0 21  0.2728 -0.1052
200449 168.0 22  0.3145 -0.1121
200449 168.0 23  0.3561 -0.1196
200449 168.0 24  0.3978 -0.1455
200449 168.0 25  0.4396 -0.1288
200449 168.0 26  0.4812 -0.0437
200449 168.0 27  0.5229 -0.0806
200449 168.0 28  0.5646 -0.1293
200449 168.0 29  0.6062 -0.1660
200449 168.0 30  0.6479 -0.1998
200449 168.0 31  0.6892 -0.2188
200449 168.0 32  0.7308 -0.2055
200449 168.0 33  0.7725 -0.1768
200449 168.0 34  0.8137 -0.1401
200449 168.0 35  0.8346 -0.1212
200449 168.0 36  0.8554 -0.1025
200449 168.0 37  0.8758 -0.0777
200449 168.0 38  0.8962 -0.0460
200449 168.0 39  0.9167 -0.0010
200449 168.0 40  0.9367  0.0737
200449 168.0 41  0.9542  0.1580
200449 168.0 42  0.9717  0.2215
200450 170.4  1  0.0000  0.1273
200450 170.4  2  0.0006 -0.3029
200450 170.4  3  0.0022 -0.5584
200450 170.4  4  0.0046 -0.6860
200450 170.4  5  0.0074 -0.6870
200450 170.4  6  0.0105 -0.6336
200450 170.4  7  0.0137 -0.6276
200450 170.4  8  0.0172 -0.5889
200450 170.4  9  0.0208 -0.5536
200450 170.4 10  0.0282 -0.4909
200450 170.4 11  0.0358 -0.4336
200450 170.4 12  0.0435 -0.3829
200450 170.4 13  0.0555 -0.3302
200450 170.4 14  0.0674 -0.2860
200450 170.4 15  0.0876 -0.1986
200450 170.4 16  0.1079 -0.1688
200450 170.4 17  0.1284 -0.1454
200450 170.4 18  0.1489 -0.1303
200450 170.4 19  0.1901 -0.0999
200450 170.4 20  0.2315 -0.0833
200450 170.4 21  0.2728 -0.0810
200450 170.4 22  0.3145 -0.0818
200450 170.4 23  0.3561 -0.0745
200450 170.4 24  0.3978 -0.0819
200450 170.4 25  0.4396 -0.0138
200450 170.4 26  0.4812  0.0067
200450 170.4 27  0.5229 -0.0365
200450 170.4 28  0.5646 -0.0777
200450 170.4 29  0.6062 -0.1251
200450 170.4 30  0.6479 -0.1646
200450 170.4 31  0.6892 -0.1950
200450 170.4 32  0.7308 -0.1831
200450 170.4 33  0.7725 -0.1527
200450 170.4 34  0.8137 -0.1301
200450 170.4 35  0.8346 -0.1112
200450 170.4 36  0.8554 -0.0953
200450 170.4 37  0.8758 -0.0679
200450 170.4 38  0.8962 -0.0448
200450 170.4 39  0.9167 -0.0050
200450 170.4 40  0.9367  0.0642
200450 170.4 41  0.9542  0.1540
200450 170.4 42  0.9717  0.2220
200451 172.0  1  0.0000  0.1251
200451 172.0  2  0.0006 -0.3012
200451 172.0  3  0.0022 -0.5670
200451 172.0  4  0.0046 -0.6832
200451 172.0  5  0.0074 -0.6748
200451 172.0  6  0.0105 -0.6322
200451 172.0  7  0.0137 -0.6248
200451 172.0  8  0.0172 -0.5871
200451 172.0  9  0.0208 -0.5483
200451 172.0 10  0.0282 -0.4902
200451 172.0 11  0.0358 -0.4301
200451 172.0 12  0.0435 -0.3815
200451 172.0 13  0.0555 -0.3262
200451 172.0 14  0.0674 -0.2836
200451 172.0 15  0.0876 -0.1939
200451 172.0 16  0.1079 -0.1621
200451 172.0 17  0.1284 -0.1383
200451 172.0 18  0.1489 -0.1220
200451 172.0 19  0.1901 -0.0869
200451 172.0 20  0.2315 -0.0670
200451 172.0 21  0.2728 -0.0608
200451 172.0 22  0.3145 -0.0543
200451 172.0 23  0.3561 -0.0475
200451 172.0 24  0.3978 -0.0330
200451 172.0 25  0.4396  0.0251
200451 172.0 26  0.4812  0.0237
200451 172.0 27  0.5229 -0.0199
200451 172.0 28  0.5646 -0.0610
200451 172.0 29  0.6062 -0.1022
200451 172.0 30  0.6479 -0.1443
200451 172.0 31  0.6892 -0.1761
200451 172.0 32  0.7308 -0.1690
200451 172.0 33  0.7725 -0.1407
200451 172.0 34  0.8137 -0.1156
200451 172.0 35  0.8346 -0.1121
200451 172.0 36  0.8554 -0.0910
200451 172.0 37  0.8758 -0.0647
200451 172.0 38  0.8962 -0.0460
200451 172.0 39  0.9167 -0.0081
200451 172.0 40  0.9367  0.0587
200451 172.0 41  0.9542  0.1595
200451 172.0 42  0.9717  0.2209
200452 174.0  1  0.0000  0.1256
200452 174.0  2  0.0006 -0.3035
200452 174.0  3  0.0022 -0.5652
200452 174.0  4  0.0046 -0.6816
200452 174.0  5  0.0074 -0.6841
200452 174.0  6  0.0105 -0.6378
200452 174.0  7  0.0137 -0.6251
200452 174.0  8  0.0172 -0.5870
200452 174.0  9  0.0208 -0.5495
200452 174.0 10  0.0282 -0.4883
200452 174.0 11  0.0358 -0.4297
200452 174.0 12  0.0435 -0.3761
200452 174.0 13  0.0555 -0.3240
200452 174.0 14  0.0674 -0.2850
200452 174.0 15  0.0876 -0.1904
200452 174.0 16  0.1079 -0.1576
200452 174.0 17  0.1284 -0.1346
200452 174.0 18  0.1489 -0.1146
200452 174.0 19  0.1901 -0.0766
200452 174.0 20  0.2315 -0.0521
200452 174.0 21  0.2728 -0.0426
200452 174.0 22  0.3145 -0.0379
200452 174.0 23  0.3561 -0.0198
200452 174.0 24  0.3978  0.0022
200452 174.0 25  0.4396  0.0415
200452 174.0 26  0.4812  0.0330
200452 174.0 27  0.5229 -0.0071
200452 174.0 28  0.5646 -0.0437
200452 174.0 29  0.6062 -0.0854
200452 174.0 30  0.6479 -0.1301
200452 174.0 31  0.6892 -0.1592
200452 174.0 32  0.7308 -0.1504
200452 174.0 33  0.7725 -0.1331
200452 174.0 34  0.8137 -0.1102
200452 174.0 35  0.8346 -0.1005
200452 174.0 36  0.8554 -0.0917
200452 174.0 37  0.8758 -0.0675
200452 174.0 38  0.8962 -0.0555
200452 174.0 39  0.9167 -0.0116
200452 174.0 40  0.9367  0.0599
200452 174.0 41  0.9542  0.1610
200452 174.0 42  0.9717  0.2244
200453 176.0  1  0.0000  0.1218
200453 176.0  2  0.0006 -0.3051
200453 176.0  3  0.0022 -0.5702
200453 176.0  4  0.0046 -0.6794
200453 176.0  5  0.0074 -0.6827
200453 176.0  6  0.0105 -0.6307
200453 176.0  7  0.0137 -0.6222
200453 176.0  8  0.0172 -0.5837
200453 176.0  9  0.0208 -0.5465
200453 176.0 10  0.0282 -0.4827
200453 176.0 11  0.0358 -0.4268
200453 176.0 12  0.0435 -0.3759
200453 176.0 13  0.0555 -0.3198
200453 176.0 14  0.0674 -0.2800
200453 176.0 15  0.0876 -0.1833
200453 176.0 16  0.1079 -0.1507
200453 176.0 17  0.1284 -0.1272
200453 176.0 18  0.1489 -0.1065
200453 176.0 19  0.1901 -0.0653
200453 176.0 20  0.2315 -0.0405
200453 176.0 21  0.2728 -0.0279
200453 176.0 22  0.3145 -0.0172
200453 176.0 23  0.3561  0.0036
200453 176.0 24  0.3978  0.0264
200453 176.0 25  0.4396  0.0584
200453 176.0 26  0.4812  0.0392
200453 176.0 27  0.5229  0.0042
200453 176.0 28  0.5646 -0.0295
200453 176.0 29  0.6062 -0.0667
200453 176.0 30  0.6479 -0.1091
200453 176.0 31  0.6892 -0.1429
200453 176.0 32  0.7308 -0.1364
200453 176.0 33  0.7725 -0.1204
200453 176.0 34  0.8137 -0.1006
200453 176.0 35  0.8346 -0.0962
200453 176.0 36  0.8554 -0.0820
200453 176.0 37  0.8758 -0.0678
200453 176.0 38  0.8962 -0.0494
200453 176.0 39  0.9167 -0.0117
200453 176.0 40  0.9367  0.0566
200453 176.0 41  0.9542  0.1600
200453 176.0 42  0.9717  0.2271
200454 178.0  1  0.0000  0.1225
200454 178.0  2  0.0006 -0.3108
200454 178.0  3  0.0022 -0.5710
200454 178.0  4  0.0046 -0.6795
200454 178.0  5  0.0074 -0.6862
200454 178.0  6  0.0105 -0.6336
200454 178.0  7  0.0137 -0.6225
200454 178.0  8  0.0172 -0.5853
200454 178.0  9  0.0208 -0.5453
200454 178.0 10  0.0282 -0.4816
200454 178.0 11  0.0358 -0.4244
200454 178.0 12  0.0435 -0.3741
200454 178.0 13  0.0555 -0.3195
200454 178.0 14  0.0674 -0.2790
200454 178.0 15  0.0876 -0.1807
200454 178.0 16  0.1079 -0.1469
200454 178.0 17  0.1284 -0.1233
200454 178.0 18  0.1489 -0.1046
200454 178.0 19  0.1901 -0.0638
200454 178.0 20  0.2315 -0.0387
200454 178.0 21  0.2728 -0.0237
200454 178.0 22  0.3145 -0.0100
200454 178.0 23  0.3561  0.0110
200454 178.0 24  0.3978  0.0368
200454 178.0 25  0.4396  0.0614
200454 178.0 26  0.4812  0.0425
200454 178.0 27  0.5229  0.0078
200454 178.0 28  0.5646 -0.0239
200454 178.0 29  0.6062 -0.0605
200454 178.0 30  0.6479 -0.1028
200454 178.0 31  0.6892 -0.1337
200454 178.0 32  0.7308 -0.1303
200454 178.0 33  0.7725 -0.1133
200454 178.0 34  0.8137 -0.0965
200454 178.0 35  0.8346 -0.0975
200454 178.0 36  0.8554 -0.0803
200454 178.0 37  0.8758 -0.0643
200454 178.0 38  0.8962 -0.0471
200454 178.0 39  0.9167 -0.0124
200454 178.0 40  0.9367  0.0559
200454 178.0 41  0.9542  0.1625
200454 178.0 42  0.9717  0.2290
200455 180.0  1  0.0000  0.1202
200455 180.0  2  0.0006 -0.3056
200455 180.0  3  0.0022 -0.5667
200455 180.0  4  0.0046 -0.6860
200455 180.0  5  0.0074 -0.6824
200455 180.0  6  0.0105 -0.6310
200455 180.0  7  0.0137 -0.6249
200455 180.0  8  0.0172 -0.5826
200455 180.0  9  0.0208 -0.5442
200455 180.0 10  0.0282 -0.4816
200455 180.0 11  0.0358 -0.4246
200455 180.0 12  0.0435 -0.3738
200455 180.0 13  0.0555 -0.3195
200455 180.0 14  0.0674 -0.2785
200455 180.0 15  0.0876 -0.1793
200455 180.0 16  0.1079 -0.1473
200455 180.0 17  0.1284 -0.1228
200455 180.0 18  0.1489 -0.1030
200455 180.0 19  0.1901 -0.0628
200455 180.0 20  0.2315 -0.0400
200455 180.0 21  0.2728 -0.0236
200455 180.0 22  0.3145 -0.0103
200455 180.0 23  0.3561  0.0100
200455 180.0 24  0.3978  0.0400
200455 180.0 25  0.4396  0.0619
200455 180.0 26  0.4812  0.0410
200455 180.0 27  0.5229  0.0083
200455 180.0 28  0.5646 -0.0217
200455 180.0 29  0.6062 -0.0588
200455 180.0 30  0.6479 -0.0977
200455 180.0 31  0.6892 -0.1320
200455 180.0 32  0.7308 -0.1283
200455 180.0 33  0.7725 -0.1119
200455 180.0 34  0.8137 -0.0964
200455 180.0 35  0.8346 -0.0955
200455 180.0 36  0.8554 -0.0810
200455 180.0 37  0.8758 -0.0638
200455 180.0 38  0.8962 -0.0467
200455 180.0 39  0.9167 -0.0155
200455 180.0 40  0.9367  0.0586
200455 180.0 41  0.9542  0.1609
200455 180.0 42  0.9717  0.2288
200456 182.0  1  0.0000  0.1220
200456 182.0  2  0.0006 -0.3114
200456 182.0  3  0.0022 -0.5646
200456 182.0  4  0.0046 -0.6789
200456 182.0  5  0.0074 -0.6800
200456 182.0  6  0.0105 -0.6308
200456 182.0  7  0.0137 -0.6223
200456 182.0  8  0.0172 -0.5831
200456 182.0  9  0.0208 -0.5470
200456 182.0 10  0.0282 -0.4828
200456 182.0 11  0.0358 -0.4259
200456 182.0 12  0.0435 -0.3767
200456 182.0 13  0.0555 -0.3213
200456 182.0 14  0.0674 -0.2805
200456 182.0 15  0.0876 -0.1817
200456 182.0 16  0.1079 -0.1477
200456 182.0 17  0.1284 -0.1270
200456 182.0 18  0.1489 -0.1041
200456 182.0 19  0.1901 -0.0683
200456 182.0 20  0.2315 -0.0421
200456 182.0 21  0.2728 -0.0261
200456 182.0 22  0.3145 -0.0147
200456 182.0 23  0.3561  0.0041
200456 182.0 24  0.3978  0.0337
200456 182.0 25  0.4396  0.0609
200456 182.0 26  0.4812  0.0393
200456 182.0 27  0.5229  0.0062
200456 182.0 28  0.5646 -0.0272
200456 182.0 29  0.6062 -0.0648
200456 182.0 30  0.6479 -0.1063
200456 182.0 31  0.6892 -0.1361
200456 182.0 32  0.7308 -0.1331
200456 182.0 33  0.7725 -0.1163
200456 182.0 34  0.8137 -0.1022
200456 182.0 35  0.8346 -0.0970
200456 182.0 36  0.8554 -0.0818
200456 182.0 37  0.8758 -0.0640
200456 182.0 38  0.8962 -0.0448
200456 182.0 39  0.9167 -0.0092
200456 182.0 40  0.9367  0.0609
200456 182.0 41  0.9542  0.1616
200456 182.0 42  0.9717  0.2286
200457 184.0  1  0.0000  0.1131
200457 184.0  2  0.0006 -0.3083
200457 184.0  3  0.0022 -0.5566
200457 184.0  4  0.0046 -0.6816
200457 184.0  5  0.0074 -0.6797
200457 184.0  6  0.0105 -0.6327
200457 184.0  7  0.0137 -0.6221
200457 184.0  8  0.0172 -0.5860
200457 184.0  9  0.0208 -0.5496
200457 184.0 10  0.0282 -0.4852
200457 184.0 11  0.0358 -0.4276
200457 184.0 12  0.0435 -0.3784
200457 184.0 13  0.0555 -0.3256
200457 184.0 14  0.0674 -0.2829
200457 184.0 15  0.0876 -0.1848
200457 184.0 16  0.1079 -0.1530
200457 184.0 17  0.1284 -0.1294
200457 184.0 18  0.1489 -0.1120
200457 184.0 19  0.1901 -0.0748
200457 184.0 20  0.2315 -0.0505
200457 184.0 21  0.2728 -0.0403
200457 184.0 22  0.3145 -0.0296
200457 184.0 23  0.3561 -0.0149
200457 184.0 24  0.3978  0.0147
200457 184.0 25  0.4396  0.0535
200457 184.0 26  0.4812  0.0298
200457 184.0 27  0.5229 -0.0016
200457 184.0 28  0.5646 -0.0393
200457 184.0 29  0.6062 -0.0793
200457 184.0 30  0.6479 -0.1227
200457 184.0 31  0.6892 -0.1537
200457 184.0 32  0.7308 -0.1462
200457 184.0 33  0.7725 -0.1280
200457 184.0 34  0.8137 -0.1119
200457 184.0 35  0.8346 -0.1049
200457 184.0 36  0.8554 -0.0820
200457 184.0 37  0.8758 -0.0639
200457 184.0 38  0.8962 -0.0483
200457 184.0 39  0.9167 -0.0125
200457 184.0 40  0.9367  0.0660
200457 184.0 41  0.9542  0.1642
200457 184.0 42  0.9717  0.2272
