# CP-NWG,  ALPHA= 10 DEG., RE= 7.7 MIO.
# 
# NOMENCLATURE:
# ALPHA     MODEL INCIDENCE
# RE        REYNOLDS NUMBER BASED ON MODEL LENGTH
# DPN       DATA POINT NUMBER
# PHI       CIRCUMFERENTIAL MODEL ANGLE
# I         NUMBER OF PRESSURE TAP
# X0/L      X-LOCATION OF PRESSURE TAP
# CP        PRESSURE COEFFICIENT
# 
# DPN    PHI  I   X0/L     CP
410201  -2.4  1  0.0000  0.9020
410201  -2.4  2  0.0006  0.9989
410201  -2.4  3  0.0022  0.9632
410201  -2.4  4  0.0046  0.8615
410201  -2.4  5  0.0074  0.7595
410201  -2.4  6  0.0105  0.6529
410201  -2.4  7  0.0137  0.5914
410201  -2.4  8  0.0172  0.5316
410201  -2.4  9  0.0208  0.4840
410201  -2.4 10  0.0282  0.4063
410201  -2.4 11  0.0358  0.3479
410201  -2.4 12  0.0435  0.3035
410201  -2.4 13  0.0555  0.2470
410201  -2.4 14  0.0674  0.2021
410201  -2.4 15  0.0876  0.1762
410201  -2.4 16  0.1079  0.1434
410201  -2.4 17  0.1284  0.1154
410201  -2.4 18  0.1489  0.0930
410201  -2.4 19  0.1901  0.0712
410201  -2.4 20  0.2315  0.0519
410201  -2.4 21  0.2728  0.0330
410201  -2.4 22  0.3145  0.0119
410201  -2.4 23  0.3561  0.0002
410201  -2.4 24  0.3978 -0.0087
410201  -2.4 25  0.4394 -0.0209
410201  -2.4 26  0.4811 -0.0321
410201  -2.4 27  0.5228 -0.0439
410201  -2.4 28  0.5644 -0.0550
410201  -2.4 29  0.6061 -0.0574
410201  -2.4 30  0.6478 -0.0630
410201  -2.4 31  0.6894 -0.0753
410201  -2.4 32  0.7309 -0.0762
410201  -2.4 33  0.7725 -0.0831
410201  -2.4 34  0.8139 -0.0874
410201  -2.4 35  0.8346 -0.0918
410201  -2.4 36  0.8552 -0.0843
410201  -2.4 37  0.8758 -0.0821
410201  -2.4 38  0.8962 -0.0799
410201  -2.4 39  0.9166 -0.0641
410201  -2.4 40  0.9365 -0.0317
410201  -2.4 41  0.9544  0.0407
410201  -2.4 42  0.9717  0.2139
410202  -0.8  1  0.0000  0.9010
410202  -0.8  2  0.0006  0.9990
410202  -0.8  3  0.0022  0.9640
410202  -0.8  4  0.0046  0.8621
410202  -0.8  5  0.0074  0.7580
410202  -0.8  6  0.0105  0.6541
410202  -0.8  7  0.0137  0.5938
410202  -0.8  8  0.0172  0.5317
410202  -0.8  9  0.0208  0.4877
410202  -0.8 10  0.0282  0.4064
410202  -0.8 11  0.0358  0.3477
410202  -0.8 12  0.0435  0.3028
410202  -0.8 13  0.0555  0.2489
410202  -0.8 14  0.0674  0.2013
410202  -0.8 15  0.0876  0.1766
410202  -0.8 16  0.1079  0.1417
410202  -0.8 17  0.1284  0.1153
410202  -0.8 18  0.1489  0.0936
410202  -0.8 19  0.1901  0.0718
410202  -0.8 20  0.2315  0.0510
410202  -0.8 21  0.2728  0.0330
410202  -0.8 22  0.3145  0.0111
410202  -0.8 23  0.3561  0.0016
410202  -0.8 24  0.3978 -0.0094
410202  -0.8 25  0.4394 -0.0206
410202  -0.8 26  0.4811 -0.0314
410202  -0.8 27  0.5228 -0.0434
410202  -0.8 28  0.5644 -0.0544
410202  -0.8 29  0.6061 -0.0571
410202  -0.8 30  0.6478 -0.0623
410202  -0.8 31  0.6894 -0.0754
410202  -0.8 32  0.7309 -0.0766
410202  -0.8 33  0.7725 -0.0818
410202  -0.8 34  0.8139 -0.0873
410202  -0.8 35  0.8346 -0.0903
410202  -0.8 36  0.8552 -0.0846
410202  -0.8 37  0.8758 -0.0826
410202  -0.8 38  0.8962 -0.0806
410202  -0.8 39  0.9166 -0.0650
410202  -0.8 40  0.9365 -0.0329
410202  -0.8 41  0.9544  0.0394
410202  -0.8 42  0.9717  0.2135
410203   0.0  1  0.0000  0.9017
410203   0.0  2  0.0006  0.9982
410203   0.0  3  0.0022  0.9620
410203   0.0  4  0.0046  0.8604
410203   0.0  5  0.0074  0.7594
410203   0.0  6  0.0105  0.6521
410203   0.0  7  0.0137  0.5913
410203   0.0  8  0.0172  0.5336
410203   0.0  9  0.0208  0.4866
410203   0.0 10  0.0282  0.4060
410203   0.0 11  0.0358  0.3470
410203   0.0 12  0.0435  0.3052
410203   0.0 13  0.0555  0.2484
410203   0.0 14  0.0674  0.2019
410203   0.0 15  0.0876  0.1775
410203   0.0 16  0.1079  0.1435
410203   0.0 17  0.1284  0.1135
410203   0.0 18  0.1489  0.0928
410203   0.0 19  0.1901  0.0701
410203   0.0 20  0.2315  0.0518
410203   0.0 21  0.2728  0.0339
410203   0.0 22  0.3145  0.0115
410203   0.0 23  0.3561  0.0013
410203   0.0 24  0.3978 -0.0088
410203   0.0 25  0.4394 -0.0203
410203   0.0 26  0.4811 -0.0316
410203   0.0 27  0.5228 -0.0418
410203   0.0 28  0.5644 -0.0545
410203   0.0 29  0.6061 -0.0569
410203   0.0 30  0.6478 -0.0619
410203   0.0 31  0.6894 -0.0744
410203   0.0 32  0.7309 -0.0768
410203   0.0 33  0.7725 -0.0809
410203   0.0 34  0.8139 -0.0869
410203   0.0 35  0.8346 -0.0917
410203   0.0 36  0.8552 -0.0840
410203   0.0 37  0.8758 -0.0822
410203   0.0 38  0.8962 -0.0805
410203   0.0 39  0.9166 -0.0641
410203   0.0 40  0.9365 -0.0318
410203   0.0 41  0.9544  0.0404
410203   0.0 42  0.9717  0.2136
410204   0.8  1  0.0000  0.8996
410204   0.8  2  0.0006  0.9982
410204   0.8  3  0.0022  0.9640
410204   0.8  4  0.0046  0.8618
410204   0.8  5  0.0074  0.7580
410204   0.8  6  0.0105  0.6516
410204   0.8  7  0.0137  0.5905
410204   0.8  8  0.0172  0.5319
410204   0.8  9  0.0208  0.4851
410204   0.8 10  0.0282  0.4075
410204   0.8 11  0.0358  0.3492
410204   0.8 12  0.0435  0.3043
410204   0.8 13  0.0555  0.2476
410204   0.8 14  0.0674  0.2008
410204   0.8 15  0.0876  0.1776
410204   0.8 16  0.1079  0.1438
410204   0.8 17  0.1284  0.1159
410204   0.8 18  0.1489  0.0940
410204   0.8 19  0.1901  0.0705
410204   0.8 20  0.2315  0.0511
410204   0.8 21  0.2728  0.0322
410204   0.8 22  0.3145  0.0121
410204   0.8 23  0.3561  0.0005
410204   0.8 24  0.3978 -0.0086
410204   0.8 25  0.4394 -0.0218
410204   0.8 26  0.4811 -0.0324
410204   0.8 27  0.5228 -0.0432
410204   0.8 28  0.5644 -0.0533
410204   0.8 29  0.6061 -0.0573
410204   0.8 30  0.6478 -0.0605
410204   0.8 31  0.6894 -0.0741
410204   0.8 32  0.7309 -0.0769
410204   0.8 33  0.7725 -0.0808
410204   0.8 34  0.8139 -0.0869
410204   0.8 35  0.8346 -0.0906
410204   0.8 36  0.8552 -0.0842
410204   0.8 37  0.8758 -0.0821
410204   0.8 38  0.8962 -0.0800
410204   0.8 39  0.9166 -0.0633
410204   0.8 40  0.9365 -0.0322
410204   0.8 41  0.9544  0.0388
410204   0.8 42  0.9717  0.2128
410205   2.4  1  0.0000  0.9030
410205   2.4  2  0.0006  0.9956
410205   2.4  3  0.0022  0.9638
410205   2.4  4  0.0046  0.8597
410205   2.4  5  0.0074  0.7606
410205   2.4  6  0.0105  0.6517
410205   2.4  7  0.0137  0.5927
410205   2.4  8  0.0172  0.5347
410205   2.4  9  0.0208  0.4840
410205   2.4 10  0.0282  0.4057
410205   2.4 11  0.0358  0.3476
410205   2.4 12  0.0435  0.3067
410205   2.4 13  0.0555  0.2482
410205   2.4 14  0.0674  0.2007
410205   2.4 15  0.0876  0.1779
410205   2.4 16  0.1079  0.1437
410205   2.4 17  0.1284  0.1151
410205   2.4 18  0.1489  0.0944
410205   2.4 19  0.1901  0.0711
410205   2.4 20  0.2315  0.0508
410205   2.4 21  0.2728  0.0327
410205   2.4 22  0.3145  0.0126
410205   2.4 23  0.3561  0.0015
410205   2.4 24  0.3978 -0.0094
410205   2.4 25  0.4394 -0.0208
410205   2.4 26  0.4811 -0.0318
410205   2.4 27  0.5228 -0.0442
410205   2.4 28  0.5644 -0.0546
410205   2.4 29  0.6061 -0.0572
410205   2.4 30  0.6478 -0.0623
410205   2.4 31  0.6894 -0.0752
410205   2.4 32  0.7309 -0.0765
410205   2.4 33  0.7725 -0.0830
410205   2.4 34  0.8139 -0.0864
410205   2.4 35  0.8346 -0.0919
410205   2.4 36  0.8552 -0.0859
410205   2.4 37  0.8758 -0.0831
410205   2.4 38  0.8962 -0.0803
410205   2.4 39  0.9166 -0.0647
410205   2.4 40  0.9365 -0.0325
410205   2.4 41  0.9544  0.0373
410205   2.4 42  0.9717  0.2126
410206   4.8  1  0.0000  0.9013
410206   4.8  2  0.0006  0.9965
410206   4.8  3  0.0022  0.9620
410206   4.8  4  0.0046  0.8604
410206   4.8  5  0.0074  0.7576
410206   4.8  6  0.0105  0.6497
410206   4.8  7  0.0137  0.5886
410206   4.8  8  0.0172  0.5312
410206   4.8  9  0.0208  0.4830
410206   4.8 10  0.0282  0.4051
410206   4.8 11  0.0358  0.3476
410206   4.8 12  0.0435  0.3042
410206   4.8 13  0.0555  0.2474
410206   4.8 14  0.0674  0.2035
410206   4.8 15  0.0876  0.1757
410206   4.8 16  0.1079  0.1413
410206   4.8 17  0.1284  0.1150
410206   4.8 18  0.1489  0.0925
410206   4.8 19  0.1901  0.0699
410206   4.8 20  0.2315  0.0515
410206   4.8 21  0.2728  0.0331
410206   4.8 22  0.3145  0.0113
410206   4.8 23  0.3561  0.0002
410206   4.8 24  0.3978 -0.0095
410206   4.8 25  0.4394 -0.0217
410206   4.8 26  0.4811 -0.0312
410206   4.8 27  0.5228 -0.0440
410206   4.8 28  0.5644 -0.0544
410206   4.8 29  0.6061 -0.0574
410206   4.8 30  0.6478 -0.0629
410206   4.8 31  0.6894 -0.0749
410206   4.8 32  0.7309 -0.0768
410206   4.8 33  0.7725 -0.0811
410206   4.8 34  0.8139 -0.0864
410206   4.8 35  0.8346 -0.0910
410206   4.8 36  0.8552 -0.0838
410206   4.8 37  0.8758 -0.0820
410206   4.8 38  0.8962 -0.0802
410206   4.8 39  0.9166 -0.0645
410206   4.8 40  0.9365 -0.0319
410206   4.8 41  0.9544  0.0407
410206   4.8 42  0.9717  0.2133
410207   9.6  1  0.0000  0.9026
410207   9.6  2  0.0006  0.9949
410207   9.6  3  0.0022  0.9596
410207   9.6  4  0.0046  0.8570
410207   9.6  5  0.0074  0.7527
410207   9.6  6  0.0105  0.6463
410207   9.6  7  0.0137  0.5859
410207   9.6  8  0.0172  0.5257
410207   9.6  9  0.0208  0.4786
410207   9.6 10  0.0282  0.4006
410207   9.6 11  0.0358  0.3399
410207   9.6 12  0.0435  0.2990
410207   9.6 13  0.0555  0.2413
410207   9.6 14  0.0674  0.1950
410207   9.6 15  0.0876  0.1747
410207   9.6 16  0.1079  0.1386
410207   9.6 17  0.1284  0.1093
410207   9.6 18  0.1489  0.0901
410207   9.6 19  0.1901  0.0681
410207   9.6 20  0.2315  0.0462
410207   9.6 21  0.2728  0.0281
410207   9.6 22  0.3145  0.0072
410207   9.6 23  0.3561 -0.0025
410207   9.6 24  0.3978 -0.0120
410207   9.6 25  0.4394 -0.0238
410207   9.6 26  0.4811 -0.0329
410207   9.6 27  0.5228 -0.0467
410207   9.6 28  0.5644 -0.0576
410207   9.6 29  0.6061 -0.0611
410207   9.6 30  0.6478 -0.0653
410207   9.6 31  0.6894 -0.0779
410207   9.6 32  0.7309 -0.0783
410207   9.6 33  0.7725 -0.0827
410207   9.6 34  0.8139 -0.0882
410207   9.6 35  0.8346 -0.0925
410207   9.6 36  0.8552 -0.0878
410207   9.6 37  0.8758 -0.0838
410207   9.6 38  0.8962 -0.0798
410207   9.6 39  0.9166 -0.0651
410207   9.6 40  0.9365 -0.0326
410207   9.6 41  0.9544  0.0387
410207   9.6 42  0.9717  0.2122
410208  14.4  1  0.0000  0.9027
410208  14.4  2  0.0006  0.9957
410208  14.4  3  0.0022  0.9547
410208  14.4  4  0.0046  0.8504
410208  14.4  5  0.0074  0.7460
410208  14.4  6  0.0105  0.6377
410208  14.4  7  0.0137  0.5794
410208  14.4  8  0.0172  0.5207
410208  14.4  9  0.0208  0.4733
410208  14.4 10  0.0282  0.3947
410208  14.4 11  0.0358  0.3384
410208  14.4 12  0.0435  0.2937
410208  14.4 13  0.0555  0.2379
410208  14.4 14  0.0674  0.1895
410208  14.4 15  0.0876  0.1676
410208  14.4 16  0.1079  0.1328
410208  14.4 17  0.1284  0.1074
410208  14.4 18  0.1489  0.0849
410208  14.4 19  0.1901  0.0633
410208  14.4 20  0.2315  0.0423
410208  14.4 21  0.2728  0.0245
410208  14.4 22  0.3145  0.0036
410208  14.4 23  0.3561 -0.0059
410208  14.4 24  0.3978 -0.0164
410208  14.4 25  0.4394 -0.0274
410208  14.4 26  0.4811 -0.0382
410208  14.4 27  0.5228 -0.0497
410208  14.4 28  0.5644 -0.0590
410208  14.4 29  0.6061 -0.0625
410208  14.4 30  0.6478 -0.0686
410208  14.4 31  0.6894 -0.0811
410208  14.4 32  0.7309 -0.0806
410208  14.4 33  0.7725 -0.0859
410208  14.4 34  0.8139 -0.0901
410208  14.4 35  0.8346 -0.0952
410208  14.4 36  0.8552 -0.0889
410208  14.4 37  0.8758 -0.0854
410208  14.4 38  0.8962 -0.0820
410208  14.4 39  0.9166 -0.0650
410208  14.4 40  0.9365 -0.0326
410208  14.4 41  0.9544  0.0402
410208  14.4 42  0.9717  0.2115
410209  19.2  1  0.0000  0.9026
410209  19.2  2  0.0006  0.9898
410209  19.2  3  0.0022  0.9465
410209  19.2  4  0.0046  0.8393
410209  19.2  5  0.0074  0.7331
410209  19.2  6  0.0105  0.6305
410209  19.2  7  0.0137  0.5681
410209  19.2  8  0.0172  0.5092
410209  19.2  9  0.0208  0.4583
410209  19.2 10  0.0282  0.3842
410209  19.2 11  0.0358  0.3257
410209  19.2 12  0.0435  0.2822
410209  19.2 13  0.0555  0.2295
410209  19.2 14  0.0674  0.1806
410209  19.2 15  0.0876  0.1581
410209  19.2 16  0.1079  0.1272
410209  19.2 17  0.1284  0.0964
410209  19.2 18  0.1489  0.0777
410209  19.2 19  0.1901  0.0564
410209  19.2 20  0.2315  0.0365
410209  19.2 21  0.2728  0.0185
410209  19.2 22  0.3145 -0.0019
410209  19.2 23  0.3561 -0.0117
410209  19.2 24  0.3978 -0.0214
410209  19.2 25  0.4394 -0.0310
410209  19.2 26  0.4811 -0.0422
410209  19.2 27  0.5228 -0.0526
410209  19.2 28  0.5644 -0.0639
410209  19.2 29  0.6061 -0.0674
410209  19.2 30  0.6478 -0.0716
410209  19.2 31  0.6894 -0.0848
410209  19.2 32  0.7309 -0.0846
410209  19.2 33  0.7725 -0.0893
410209  19.2 34  0.8139 -0.0927
410209  19.2 35  0.8346 -0.0956
410209  19.2 36  0.8552 -0.0885
410209  19.2 37  0.8758 -0.0849
410209  19.2 38  0.8962 -0.0813
410209  19.2 39  0.9166 -0.0658
410209  19.2 40  0.9365 -0.0327
410209  19.2 41  0.9544  0.0422
410209  19.2 42  0.9717  0.2096
410210  24.0  1  0.0000  0.9012
410210  24.0  2  0.0006  0.9840
410210  24.0  3  0.0022  0.9359
410210  24.0  4  0.0046  0.8319
410210  24.0  5  0.0074  0.7246
410210  24.0  6  0.0105  0.6156
410210  24.0  7  0.0137  0.5572
410210  24.0  8  0.0172  0.4943
410210  24.0  9  0.0208  0.4482
410210  24.0 10  0.0282  0.3728
410210  24.0 11  0.0358  0.3151
410210  24.0 12  0.0435  0.2695
410210  24.0 13  0.0555  0.2150
410210  24.0 14  0.0674  0.1712
410210  24.0 15  0.0876  0.1483
410210  24.0 16  0.1079  0.1168
410210  24.0 17  0.1284  0.0914
410210  24.0 18  0.1489  0.0690
410210  24.0 19  0.1901  0.0488
410210  24.0 20  0.2315  0.0287
410210  24.0 21  0.2728  0.0117
410210  24.0 22  0.3145 -0.0073
410210  24.0 23  0.3561 -0.0181
410210  24.0 24  0.3978 -0.0284
410210  24.0 25  0.4394 -0.0375
410210  24.0 26  0.4811 -0.0496
410210  24.0 27  0.5228 -0.0591
410210  24.0 28  0.5644 -0.0690
410210  24.0 29  0.6061 -0.0723
410210  24.0 30  0.6478 -0.0775
410210  24.0 31  0.6894 -0.0897
410210  24.0 32  0.7309 -0.0892
410210  24.0 33  0.7725 -0.0924
410210  24.0 34  0.8139 -0.0963
410210  24.0 35  0.8346 -0.0998
410210  24.0 36  0.8552 -0.0916
410210  24.0 37  0.8758 -0.0877
410210  24.0 38  0.8962 -0.0839
410210  24.0 39  0.9166 -0.0650
410210  24.0 40  0.9365 -0.0307
410210  24.0 41  0.9544  0.0428
410210  24.0 42  0.9717  0.2098
410211  28.8  1  0.0000  0.8993
410211  28.8  2  0.0006  0.9776
410211  28.8  3  0.0022  0.9242
410211  28.8  4  0.0046  0.8156
410211  28.8  5  0.0074  0.7080
410211  28.8  6  0.0105  0.6004
410211  28.8  7  0.0137  0.5382
410211  28.8  8  0.0172  0.4783
410211  28.8  9  0.0208  0.4295
410211  28.8 10  0.0282  0.3570
410211  28.8 11  0.0358  0.2982
410211  28.8 12  0.0435  0.2570
410211  28.8 13  0.0555  0.2039
410211  28.8 14  0.0674  0.1586
410211  28.8 15  0.0876  0.1370
410211  28.8 16  0.1079  0.1041
410211  28.8 17  0.1284  0.0798
410211  28.8 18  0.1489  0.0598
410211  28.8 19  0.1901  0.0393
410211  28.8 20  0.2315  0.0216
410211  28.8 21  0.2728  0.0042
410211  28.8 22  0.3145 -0.0171
410211  28.8 23  0.3561 -0.0268
410211  28.8 24  0.3978 -0.0349
410211  28.8 25  0.4394 -0.0445
410211  28.8 26  0.4811 -0.0550
410211  28.8 27  0.5228 -0.0650
410211  28.8 28  0.5644 -0.0746
410211  28.8 29  0.6061 -0.0787
410211  28.8 30  0.6478 -0.0834
410211  28.8 31  0.6894 -0.0942
410211  28.8 32  0.7309 -0.0942
410211  28.8 33  0.7725 -0.0969
410211  28.8 34  0.8139 -0.0990
410211  28.8 35  0.8346 -0.1025
410211  28.8 36  0.8552 -0.0962
410211  28.8 37  0.8758 -0.0906
410211  28.8 38  0.8962 -0.0850
410211  28.8 39  0.9166 -0.0631
410211  28.8 40  0.9365 -0.0293
410211  28.8 41  0.9544  0.0482
410211  28.8 42  0.9717  0.2081
410212  33.6  1  0.0000  0.8999
410212  33.6  2  0.0006  0.9695
410212  33.6  3  0.0022  0.9126
410212  33.6  4  0.0046  0.8011
410212  33.6  5  0.0074  0.6911
410212  33.6  6  0.0105  0.5855
410212  33.6  7  0.0137  0.5200
410212  33.6  8  0.0172  0.4617
410212  33.6  9  0.0208  0.4181
410212  33.6 10  0.0282  0.3362
410212  33.6 11  0.0358  0.2845
410212  33.6 12  0.0435  0.2423
410212  33.6 13  0.0555  0.1891
410212  33.6 14  0.0674  0.1441
410212  33.6 15  0.0876  0.1230
410212  33.6 16  0.1079  0.0925
410212  33.6 17  0.1284  0.0669
410212  33.6 18  0.1489  0.0486
410212  33.6 19  0.1901  0.0259
410212  33.6 20  0.2315  0.0102
410212  33.6 21  0.2728 -0.0063
410212  33.6 22  0.3145 -0.0283
410212  33.6 23  0.3561 -0.0354
410212  33.6 24  0.3978 -0.0443
410212  33.6 25  0.4394 -0.0542
410212  33.6 26  0.4811 -0.0637
410212  33.6 27  0.5228 -0.0750
410212  33.6 28  0.5644 -0.0831
410212  33.6 29  0.6061 -0.0851
410212  33.6 30  0.6478 -0.0897
410212  33.6 31  0.6894 -0.1014
410212  33.6 32  0.7309 -0.0997
410212  33.6 33  0.7725 -0.1016
410212  33.6 34  0.8139 -0.1033
410212  33.6 35  0.8346 -0.1062
410212  33.6 36  0.8552 -0.1005
410212  33.6 37  0.8758 -0.0937
410212  33.6 38  0.8962 -0.0870
410212  33.6 39  0.9166 -0.0654
410212  33.6 40  0.9365 -0.0264
410212  33.6 41  0.9544  0.0530
410212  33.6 42  0.9717  0.2070
410213  38.4  1  0.0000  0.9014
410213  38.4  2  0.0006  0.9642
410213  38.4  3  0.0022  0.8954
410213  38.4  4  0.0046  0.7817
410213  38.4  5  0.0074  0.6723
410213  38.4  6  0.0105  0.5635
410213  38.4  7  0.0137  0.5033
410213  38.4  8  0.0172  0.4414
410213  38.4  9  0.0208  0.3951
410213  38.4 10  0.0282  0.3176
410213  38.4 11  0.0358  0.2651
410213  38.4 12  0.0435  0.2239
410213  38.4 13  0.0555  0.1686
410213  38.4 14  0.0674  0.1266
410213  38.4 15  0.0876  0.1075
410213  38.4 16  0.1079  0.0782
410213  38.4 17  0.1284  0.0541
410213  38.4 18  0.1489  0.0337
410213  38.4 19  0.1901  0.0150
410213  38.4 20  0.2315 -0.0024
410213  38.4 21  0.2728 -0.0183
410213  38.4 22  0.3145 -0.0372
410213  38.4 23  0.3561 -0.0463
410213  38.4 24  0.3978 -0.0538
410213  38.4 25  0.4394 -0.0637
410213  38.4 26  0.4811 -0.0727
410213  38.4 27  0.5228 -0.0819
410213  38.4 28  0.5644 -0.0903
410213  38.4 29  0.6061 -0.0939
410213  38.4 30  0.6478 -0.0961
410213  38.4 31  0.6894 -0.1069
410213  38.4 32  0.7309 -0.1052
410213  38.4 33  0.7725 -0.1077
410213  38.4 34  0.8139 -0.1082
410213  38.4 35  0.8346 -0.1093
410213  38.4 36  0.8552 -0.1007
410213  38.4 37  0.8758 -0.0933
410213  38.4 38  0.8962 -0.0859
410213  38.4 39  0.9166 -0.0626
410213  38.4 40  0.9365 -0.0215
410213  38.4 41  0.9544  0.0588
410213  38.4 42  0.9717  0.2044
410214  43.2  1  0.0000  0.8996
410214  43.2  2  0.0006  0.9544
410214  43.2  3  0.0022  0.8825
410214  43.2  4  0.0046  0.7599
410214  43.2  5  0.0074  0.6479
410214  43.2  6  0.0105  0.5390
410214  43.2  7  0.0137  0.4792
410214  43.2  8  0.0172  0.4166
410214  43.2  9  0.0208  0.3734
410214  43.2 10  0.0282  0.2978
410214  43.2 11  0.0358  0.2443
410214  43.2 12  0.0435  0.2043
410214  43.2 13  0.0555  0.1518
410214  43.2 14  0.0674  0.1094
410214  43.2 15  0.0876  0.0900
410214  43.2 16  0.1079  0.0612
410214  43.2 17  0.1284  0.0362
410214  43.2 18  0.1489  0.0200
410214  43.2 19  0.1901  0.0024
410214  43.2 20  0.2315 -0.0151
410214  43.2 21  0.2728 -0.0324
410214  43.2 22  0.3145 -0.0504
410214  43.2 23  0.3561 -0.0562
410214  43.2 24  0.3978 -0.0632
410214  43.2 25  0.4394 -0.0755
410214  43.2 26  0.4811 -0.0812
410214  43.2 27  0.5228 -0.0906
410214  43.2 28  0.5644 -0.0990
410214  43.2 29  0.6061 -0.1012
410214  43.2 30  0.6478 -0.1038
410214  43.2 31  0.6894 -0.1142
410214  43.2 32  0.7309 -0.1127
410214  43.2 33  0.7725 -0.1123
410214  43.2 34  0.8139 -0.1125
410214  43.2 35  0.8346 -0.1152
410214  43.2 36  0.8552 -0.1048
410214  43.2 37  0.8758 -0.0955
410214  43.2 38  0.8962 -0.0862
410214  43.2 39  0.9166 -0.0604
410214  43.2 40  0.9365 -0.0157
410214  43.2 41  0.9544  0.0687
410214  43.2 42  0.9717  0.2024
410215  48.0  1  0.0000  0.8989
410215  48.0  2  0.0006  0.9399
410215  48.0  3  0.0022  0.8625
410215  48.0  4  0.0046  0.7369
410215  48.0  5  0.0074  0.6233
410215  48.0  6  0.0105  0.5163
410215  48.0  7  0.0137  0.4522
410215  48.0  8  0.0172  0.3980
410215  48.0  9  0.0208  0.3510
410215  48.0 10  0.0282  0.2782
410215  48.0 11  0.0358  0.2245
410215  48.0 12  0.0435  0.1811
410215  48.0 13  0.0555  0.1330
410215  48.0 14  0.0674  0.0890
410215  48.0 15  0.0876  0.0745
410215  48.0 16  0.1079  0.0474
410215  48.0 17  0.1284  0.0226
410215  48.0 18  0.1489  0.0024
410215  48.0 19  0.1901 -0.0112
410215  48.0 20  0.2315 -0.0261
410215  48.0 21  0.2728 -0.0408
410215  48.0 22  0.3145 -0.0596
410215  48.0 23  0.3561 -0.0669
410215  48.0 24  0.3978 -0.0734
410215  48.0 25  0.4394 -0.0833
410215  48.0 26  0.4811 -0.0912
410215  48.0 27  0.5228 -0.1004
410215  48.0 28  0.5644 -0.1075
410215  48.0 29  0.6061 -0.1089
410215  48.0 30  0.6478 -0.1112
410215  48.0 31  0.6894 -0.1214
410215  48.0 32  0.7309 -0.1174
410215  48.0 33  0.7725 -0.1179
410215  48.0 34  0.8139 -0.1152
410215  48.0 35  0.8346 -0.1150
410215  48.0 36  0.8552 -0.1067
410215  48.0 37  0.8758 -0.0950
410215  48.0 38  0.8962 -0.0834
410215  48.0 39  0.9166 -0.0566
410215  48.0 40  0.9365 -0.0066
410215  48.0 41  0.9544  0.0792
410215  48.0 42  0.9717  0.2011
410216  52.8  1  0.0000  0.8961
410216  52.8  2  0.0006  0.9323
410216  52.8  3  0.0022  0.8453
410216  52.8  4  0.0046  0.7155
410216  52.8  5  0.0074  0.5994
410216  52.8  6  0.0105  0.4894
410216  52.8  7  0.0137  0.4305
410216  52.8  8  0.0172  0.3731
410216  52.8  9  0.0208  0.3276
410216  52.8 10  0.0282  0.2533
410216  52.8 11  0.0358  0.2004
410216  52.8 12  0.0435  0.1611
410216  52.8 13  0.0555  0.1128
410216  52.8 14  0.0674  0.0718
410216  52.8 15  0.0876  0.0573
410216  52.8 16  0.1079  0.0258
410216  52.8 17  0.1284  0.0059
410216  52.8 18  0.1489 -0.0103
410216  52.8 19  0.1901 -0.0262
410216  52.8 20  0.2315 -0.0380
410216  52.8 21  0.2728 -0.0550
410216  52.8 22  0.3145 -0.0718
410216  52.8 23  0.3561 -0.0782
410216  52.8 24  0.3978 -0.0847
410216  52.8 25  0.4394 -0.0934
410216  52.8 26  0.4811 -0.0999
410216  52.8 27  0.5228 -0.1087
410216  52.8 28  0.5644 -0.1141
410216  52.8 29  0.6061 -0.1149
410216  52.8 30  0.6478 -0.1176
410216  52.8 31  0.6894 -0.1273
410216  52.8 32  0.7309 -0.1230
410216  52.8 33  0.7725 -0.1199
410216  52.8 34  0.8139 -0.1183
410216  52.8 35  0.8346 -0.1181
410216  52.8 36  0.8552 -0.1078
410216  52.8 37  0.8758 -0.0937
410216  52.8 38  0.8962 -0.0798
410216  52.8 39  0.9166 -0.0493
410216  52.8 40  0.9365  0.0060
410216  52.8 41  0.9544  0.0907
410216  52.8 42  0.9717  0.1979
410217  57.6  1  0.0000  0.8964
410217  57.6  2  0.0006  0.9214
410217  57.6  3  0.0022  0.8239
410217  57.6  4  0.0046  0.6901
410217  57.6  5  0.0074  0.5700
410217  57.6  6  0.0105  0.4666
410217  57.6  7  0.0137  0.4017
410217  57.6  8  0.0172  0.3414
410217  57.6  9  0.0208  0.3024
410217  57.6 10  0.0282  0.2281
410217  57.6 11  0.0358  0.1767
410217  57.6 12  0.0435  0.1370
410217  57.6 13  0.0555  0.0861
410217  57.6 14  0.0674  0.0491
410217  57.6 15  0.0876  0.0404
410217  57.6 16  0.1079  0.0099
410217  57.6 17  0.1284 -0.0114
410217  57.6 18  0.1489 -0.0303
410217  57.6 19  0.1901 -0.0439
410217  57.6 20  0.2315 -0.0534
410217  57.6 21  0.2728 -0.0671
410217  57.6 22  0.3145 -0.0835
410217  57.6 23  0.3561 -0.0906
410217  57.6 24  0.3978 -0.0961
410217  57.6 25  0.4394 -0.1020
410217  57.6 26  0.4811 -0.1095
410217  57.6 27  0.5228 -0.1173
410217  57.6 28  0.5644 -0.1221
410217  57.6 29  0.6061 -0.1235
410217  57.6 30  0.6478 -0.1256
410217  57.6 31  0.6894 -0.1322
410217  57.6 32  0.7309 -0.1272
410217  57.6 33  0.7725 -0.1264
410217  57.6 34  0.8139 -0.1208
410217  57.6 35  0.8346 -0.1202
410217  57.6 36  0.8552 -0.1065
410217  57.6 37  0.8758 -0.0913
410217  57.6 38  0.8962 -0.0763
410217  57.6 39  0.9166 -0.0415
410217  57.6 40  0.9365  0.0186
410217  57.6 41  0.9544  0.1042
410217  57.6 42  0.9717  0.1912
410218  62.4  1  0.0000  0.8968
410218  62.4  2  0.0006  0.9067
410218  62.4  3  0.0022  0.8048
410218  62.4  4  0.0046  0.6637
410218  62.4  5  0.0074  0.5495
410218  62.4  6  0.0105  0.4367
410218  62.4  7  0.0137  0.3769
410218  62.4  8  0.0172  0.3184
410218  62.4  9  0.0208  0.2743
410218  62.4 10  0.0282  0.2029
410218  62.4 11  0.0358  0.1506
410218  62.4 12  0.0435  0.1142
410218  62.4 13  0.0555  0.0667
410218  62.4 14  0.0674  0.0273
410218  62.4 15  0.0876  0.0168
410218  62.4 16  0.1079 -0.0061
410218  62.4 17  0.1284 -0.0284
410218  62.4 18  0.1489 -0.0418
410218  62.4 19  0.1901 -0.0566
410218  62.4 20  0.2315 -0.0652
410218  62.4 21  0.2728 -0.0790
410218  62.4 22  0.3145 -0.0936
410218  62.4 23  0.3561 -0.0983
410218  62.4 24  0.3978 -0.1051
410218  62.4 25  0.4394 -0.1119
410218  62.4 26  0.4811 -0.1187
410218  62.4 27  0.5228 -0.1257
410218  62.4 28  0.5644 -0.1316
410218  62.4 29  0.6061 -0.1299
410218  62.4 30  0.6478 -0.1303
410218  62.4 31  0.6894 -0.1366
410218  62.4 32  0.7309 -0.1326
410218  62.4 33  0.7725 -0.1274
410218  62.4 34  0.8139 -0.1211
410218  62.4 35  0.8346 -0.1205
410218  62.4 36  0.8552 -0.1054
410218  62.4 37  0.8758 -0.0882
410218  62.4 38  0.8962 -0.0712
410218  62.4 39  0.9166 -0.0294
410218  62.4 40  0.9365  0.0338
410218  62.4 41  0.9544  0.1163
410218  62.4 42  0.9717  0.1842
410219  67.2  1  0.0000  0.8924
410219  67.2  2  0.0006  0.8978
410219  67.2  3  0.0022  0.7775
410219  67.2  4  0.0046  0.6363
410219  67.2  5  0.0074  0.5184
410219  67.2  6  0.0105  0.4091
410219  67.2  7  0.0137  0.3453
410219  67.2  8  0.0172  0.2869
410219  67.2  9  0.0208  0.2494
410219  67.2 10  0.0282  0.1771
410219  67.2 11  0.0358  0.1302
410219  67.2 12  0.0435  0.0933
410219  67.2 13  0.0555  0.0472
410219  67.2 14  0.0674  0.0065
410219  67.2 15  0.0876 -0.0015
410219  67.2 16  0.1079 -0.0255
410219  67.2 17  0.1284 -0.0447
410219  67.2 18  0.1489 -0.0602
410219  67.2 19  0.1901 -0.0710
410219  67.2 20  0.2315 -0.0813
410219  67.2 21  0.2728 -0.0913
410219  67.2 22  0.3145 -0.1063
410219  67.2 23  0.3561 -0.1120
410219  67.2 24  0.3978 -0.1159
410219  67.2 25  0.4394 -0.1189
410219  67.2 26  0.4811 -0.1272
410219  67.2 27  0.5228 -0.1310
410219  67.2 28  0.5644 -0.1384
410219  67.2 29  0.6061 -0.1343
410219  67.2 30  0.6478 -0.1370
410219  67.2 31  0.6894 -0.1403
410219  67.2 32  0.7309 -0.1347
410219  67.2 33  0.7725 -0.1285
410219  67.2 34  0.8139 -0.1207
410219  67.2 35  0.8346 -0.1174
410219  67.2 36  0.8552 -0.1023
410219  67.2 37  0.8758 -0.0811
410219  67.2 38  0.8962 -0.0602
410219  67.2 39  0.9166 -0.0156
410219  67.2 40  0.9365  0.0525
410219  67.2 41  0.9544  0.1277
410219  67.2 42  0.9717  0.1730
410220  72.0  1  0.0000  0.8913
410220  72.0  2  0.0006  0.8809
410220  72.0  3  0.0022  0.7556
410220  72.0  4  0.0046  0.6074
410220  72.0  5  0.0074  0.4858
410220  72.0  6  0.0105  0.3750
410220  72.0  7  0.0137  0.3175
410220  72.0  8  0.0172  0.2654
410220  72.0  9  0.0208  0.2207
410220  72.0 10  0.0282  0.1499
410220  72.0 11  0.0358  0.1029
410220  72.0 12  0.0435  0.0682
410220  72.0 13  0.0555  0.0236
410220  72.0 14  0.0674 -0.0145
410220  72.0 15  0.0876 -0.0196
410220  72.0 16  0.1079 -0.0421
410220  72.0 17  0.1284 -0.0618
410220  72.0 18  0.1489 -0.0723
410220  72.0 19  0.1901 -0.0844
410220  72.0 20  0.2315 -0.0872
410220  72.0 21  0.2728 -0.1011
410220  72.0 22  0.3145 -0.1149
410220  72.0 23  0.3561 -0.1204
410220  72.0 24  0.3978 -0.1232
410220  72.0 25  0.4394 -0.1286
410220  72.0 26  0.4811 -0.1330
410220  72.0 27  0.5228 -0.1379
410220  72.0 28  0.5644 -0.1421
410220  72.0 29  0.6061 -0.1381
410220  72.0 30  0.6478 -0.1377
410220  72.0 31  0.6894 -0.1432
410220  72.0 32  0.7309 -0.1367
410220  72.0 33  0.7725 -0.1281
410220  72.0 34  0.8139 -0.1183
410220  72.0 35  0.8346 -0.1138
410220  72.0 36  0.8552 -0.0946
410220  72.0 37  0.8758 -0.0712
410220  72.0 38  0.8962 -0.0481
410220  72.0 39  0.9166 -0.0008
410220  72.0 40  0.9365  0.0693
410220  72.0 41  0.9544  0.1321
410220  72.0 42  0.9717  0.1615
410221  76.8  1  0.0000  0.8927
410221  76.8  2  0.0006  0.8661
410221  76.8  3  0.0022  0.7312
410221  76.8  4  0.0046  0.5819
410221  76.8  5  0.0074  0.4568
410221  76.8  6  0.0105  0.3515
410221  76.8  7  0.0137  0.2912
410221  76.8  8  0.0172  0.2316
410221  76.8  9  0.0208  0.1918
410221  76.8 10  0.0282  0.1284
410221  76.8 11  0.0358  0.0836
410221  76.8 12  0.0435  0.0460
410221  76.8 13  0.0555  0.0025
410221  76.8 14  0.0674 -0.0326
410221  76.8 15  0.0876 -0.0357
410221  76.8 16  0.1079 -0.0581
410221  76.8 17  0.1284 -0.0772
410221  76.8 18  0.1489 -0.0863
410221  76.8 19  0.1901 -0.0968
410221  76.8 20  0.2315 -0.0993
410221  76.8 21  0.2728 -0.1119
410221  76.8 22  0.3145 -0.1244
410221  76.8 23  0.3561 -0.1271
410221  76.8 24  0.3978 -0.1317
410221  76.8 25  0.4394 -0.1356
410221  76.8 26  0.4811 -0.1387
410221  76.8 27  0.5228 -0.1448
410221  76.8 28  0.5644 -0.1448
410221  76.8 29  0.6061 -0.1412
410221  76.8 30  0.6478 -0.1399
410221  76.8 31  0.6894 -0.1447
410221  76.8 32  0.7309 -0.1351
410221  76.8 33  0.7725 -0.1277
410221  76.8 34  0.8139 -0.1156
410221  76.8 35  0.8346 -0.1081
410221  76.8 36  0.8552 -0.0888
410221  76.8 37  0.8758 -0.0627
410221  76.8 38  0.8962 -0.0369
410221  76.8 39  0.9166  0.0169
410221  76.8 40  0.9365  0.0883
410221  76.8 41  0.9544  0.1352
410221  76.8 42  0.9717  0.1533
410222  81.6  1  0.0000  0.8891
410222  81.6  2  0.0006  0.8532
410222  81.6  3  0.0022  0.7070
410222  81.6  4  0.0046  0.5497
410222  81.6  5  0.0074  0.4310
410222  81.6  6  0.0105  0.3208
410222  81.6  7  0.0137  0.2571
410222  81.6  8  0.0172  0.2104
410222  81.6  9  0.0208  0.1688
410222  81.6 10  0.0282  0.1003
410222  81.6 11  0.0358  0.0586
410222  81.6 12  0.0435  0.0271
410222  81.6 13  0.0555 -0.0150
410222  81.6 14  0.0674 -0.0529
410222  81.6 15  0.0876 -0.0523
410222  81.6 16  0.1079 -0.0723
410222  81.6 17  0.1284 -0.0877
410222  81.6 18  0.1489 -0.1005
410222  81.6 19  0.1901 -0.1062
410222  81.6 20  0.2315 -0.1080
410222  81.6 21  0.2728 -0.1201
410222  81.6 22  0.3145 -0.1316
410222  81.6 23  0.3561 -0.1345
410222  81.6 24  0.3978 -0.1370
410222  81.6 25  0.4394 -0.1392
410222  81.6 26  0.4811 -0.1433
410222  81.6 27  0.5228 -0.1480
410222  81.6 28  0.5644 -0.1490
410222  81.6 29  0.6061 -0.1438
410222  81.6 30  0.6478 -0.1417
410222  81.6 31  0.6894 -0.1446
410222  81.6 32  0.7309 -0.1348
410222  81.6 33  0.7725 -0.1229
410222  81.6 34  0.8139 -0.1109
410222  81.6 35  0.8346 -0.1011
410222  81.6 36  0.8552 -0.0790
410222  81.6 37  0.8758 -0.0503
410222  81.6 38  0.8962 -0.0219
410222  81.6 39  0.9166  0.0359
410222  81.6 40  0.9365  0.1029
410222  81.6 41  0.9544  0.1347
410222  81.6 42  0.9717  0.1458
410223  86.4  1  0.0000  0.8896
410223  86.4  2  0.0006  0.8383
410223  86.4  3  0.0022  0.6876
410223  86.4  4  0.0046  0.5193
410223  86.4  5  0.0074  0.3988
410223  86.4  6  0.0105  0.2937
410223  86.4  7  0.0137  0.2319
410223  86.4  8  0.0172  0.1779
410223  86.4  9  0.0208  0.1430
410223  86.4 10  0.0282  0.0795
410223  86.4 11  0.0358  0.0341
410223  86.4 12  0.0435  0.0027
410223  86.4 13  0.0555 -0.0346
410223  86.4 14  0.0674 -0.0659
410223  86.4 15  0.0876 -0.0666
410223  86.4 16  0.1079 -0.0860
410223  86.4 17  0.1284 -0.1018
410223  86.4 18  0.1489 -0.1157
410223  86.4 19  0.1901 -0.1199
410223  86.4 20  0.2315 -0.1179
410223  86.4 21  0.2728 -0.1276
410223  86.4 22  0.3145 -0.1383
410223  86.4 23  0.3561 -0.1407
410223  86.4 24  0.3978 -0.1415
410223  86.4 25  0.4394 -0.1433
410223  86.4 26  0.4811 -0.1467
410223  86.4 27  0.5228 -0.1495
410223  86.4 28  0.5644 -0.1482
410223  86.4 29  0.6061 -0.1438
410223  86.4 30  0.6478 -0.1409
410223  86.4 31  0.6894 -0.1408
410223  86.4 32  0.7309 -0.1302
410223  86.4 33  0.7725 -0.1169
410223  86.4 34  0.8139 -0.1027
410223  86.4 35  0.8346 -0.0896
410223  86.4 36  0.8552 -0.0691
410223  86.4 37  0.8758 -0.0357
410223  86.4 38  0.8962 -0.0027
410223  86.4 39  0.9166  0.0517
410223  86.4 40  0.9365  0.1110
410223  86.4 41  0.9544  0.1319
410223  86.4 42  0.9717  0.1432
410224  91.2  1  0.0000  0.8886
410224  91.2  2  0.0006  0.8246
410224  91.2  3  0.0022  0.6662
410224  91.2  4  0.0046  0.4956
410224  91.2  5  0.0074  0.3723
410224  91.2  6  0.0105  0.2666
410224  91.2  7  0.0137  0.2018
410224  91.2  8  0.0172  0.1538
410224  91.2  9  0.0208  0.1158
410224  91.2 10  0.0282  0.0544
410224  91.2 11  0.0358  0.0160
410224  91.2 12  0.0435 -0.0163
410224  91.2 13  0.0555 -0.0520
410224  91.2 14  0.0674 -0.0826
410224  91.2 15  0.0876 -0.0820
410224  91.2 16  0.1079 -0.0995
410224  91.2 17  0.1284 -0.1132
410224  91.2 18  0.1489 -0.1215
410224  91.2 19  0.1901 -0.1285
410224  91.2 20  0.2315 -0.1236
410224  91.2 21  0.2728 -0.1332
410224  91.2 22  0.3145 -0.1436
410224  91.2 23  0.3561 -0.1442
410224  91.2 24  0.3978 -0.1429
410224  91.2 25  0.4394 -0.1464
410224  91.2 26  0.4811 -0.1487
410224  91.2 27  0.5228 -0.1481
410224  91.2 28  0.5644 -0.1484
410224  91.2 29  0.6061 -0.1443
410224  91.2 30  0.6478 -0.1389
410224  91.2 31  0.6894 -0.1378
410224  91.2 32  0.7309 -0.1235
410224  91.2 33  0.7725 -0.1090
410224  91.2 34  0.8139 -0.0912
410224  91.2 35  0.8346 -0.0790
410224  91.2 36  0.8552 -0.0542
410224  91.2 37  0.8758 -0.0204
410224  91.2 38  0.8962  0.0131
410224  91.2 39  0.9166  0.0677
410224  91.2 40  0.9365  0.1164
410224  91.2 41  0.9544  0.1311
410224  91.2 42  0.9717  0.1432
410225  96.0  1  0.0000  0.8868
410225  96.0  2  0.0006  0.8096
410225  96.0  3  0.0022  0.6385
410225  96.0  4  0.0046  0.4693
410225  96.0  5  0.0074  0.3446
410225  96.0  6  0.0105  0.2393
410225  96.0  7  0.0137  0.1796
410225  96.0  8  0.0172  0.1295
410225  96.0  9  0.0208  0.0947
410225  96.0 10  0.0282  0.0343
410225  96.0 11  0.0358 -0.0029
410225  96.0 12  0.0435 -0.0341
410225  96.0 13  0.0555 -0.0694
410225  96.0 14  0.0674 -0.0979
410225  96.0 15  0.0876 -0.0947
410225  96.0 16  0.1079 -0.1089
410225  96.0 17  0.1284 -0.1232
410225  96.0 18  0.1489 -0.1323
410225  96.0 19  0.1901 -0.1350
410225  96.0 20  0.2315 -0.1296
410225  96.0 21  0.2728 -0.1393
410225  96.0 22  0.3145 -0.1471
410225  96.0 23  0.3561 -0.1474
410225  96.0 24  0.3978 -0.1467
410225  96.0 25  0.4394 -0.1455
410225  96.0 26  0.4811 -0.1473
410225  96.0 27  0.5228 -0.1494
410225  96.0 28  0.5644 -0.1465
410225  96.0 29  0.6061 -0.1395
410225  96.0 30  0.6478 -0.1334
410225  96.0 31  0.6894 -0.1311
410225  96.0 32  0.7309 -0.1181
410225  96.0 33  0.7725 -0.1021
410225  96.0 34  0.8139 -0.0808
410225  96.0 35  0.8346 -0.0663
410225  96.0 36  0.8552 -0.0402
410225  96.0 37  0.8758 -0.0057
410225  96.0 38  0.8962  0.0285
410225  96.0 39  0.9166  0.0748
410225  96.0 40  0.9365  0.1181
410225  96.0 41  0.9544  0.1307
410225  96.0 42  0.9717  0.1414
410226 100.8  1  0.0000  0.8888
410226 100.8  2  0.0006  0.7944
410226 100.8  3  0.0022  0.6097
410226 100.8  4  0.0046  0.4396
410226 100.8  5  0.0074  0.3142
410226 100.8  6  0.0105  0.2031
410226 100.8  7  0.0137  0.1500
410226 100.8  8  0.0172  0.0944
410226 100.8  9  0.0208  0.0643
410226 100.8 10  0.0282  0.0059
410226 100.8 11  0.0358 -0.0289
410226 100.8 12  0.0435 -0.0564
410226 100.8 13  0.0555 -0.0857
410226 100.8 14  0.0674 -0.1162
410226 100.8 15  0.0876 -0.1116
410226 100.8 16  0.1079 -0.1216
410226 100.8 17  0.1284 -0.1350
410226 100.8 18  0.1489 -0.1412
410226 100.8 19  0.1901 -0.1403
410226 100.8 20  0.2315 -0.1422
410226 100.8 21  0.2728 -0.1461
410226 100.8 22  0.3145 -0.1532
410226 100.8 23  0.3561 -0.1493
410226 100.8 24  0.3978 -0.1494
410226 100.8 25  0.4394 -0.1487
410226 100.8 26  0.4811 -0.1463
410226 100.8 27  0.5228 -0.1470
410226 100.8 28  0.5644 -0.1456
410226 100.8 29  0.6061 -0.1382
410226 100.8 30  0.6478 -0.1310
410226 100.8 31  0.6894 -0.1276
410226 100.8 32  0.7309 -0.1067
410226 100.8 33  0.7725 -0.0951
410226 100.8 34  0.8139 -0.0668
410226 100.8 35  0.8346 -0.0531
410226 100.8 36  0.8552 -0.0270
410226 100.8 37  0.8758  0.0049
410226 100.8 38  0.8962  0.0365
410226 100.8 39  0.9166  0.0807
410226 100.8 40  0.9365  0.1205
410226 100.8 41  0.9544  0.1336
410226 100.8 42  0.9717  0.1435
410227 105.6  1  0.0000  0.8906
410227 105.6  2  0.0006  0.7790
410227 105.6  3  0.0022  0.5948
410227 105.6  4  0.0046  0.4146
410227 105.6  5  0.0074  0.2875
410227 105.6  6  0.0105  0.1847
410227 105.6  7  0.0137  0.1235
410227 105.6  8  0.0172  0.0729
410227 105.6  9  0.0208  0.0440
410227 105.6 10  0.0282 -0.0087
410227 105.6 11  0.0358 -0.0444
410227 105.6 12  0.0435 -0.0695
410227 105.6 13  0.0555 -0.1048
410227 105.6 14  0.0674 -0.1273
410227 105.6 15  0.0876 -0.1205
410227 105.6 16  0.1079 -0.1300
410227 105.6 17  0.1284 -0.1399
410227 105.6 18  0.1489 -0.1456
410227 105.6 19  0.1901 -0.1438
410227 105.6 20  0.2315 -0.1458
410227 105.6 21  0.2728 -0.1471
410227 105.6 22  0.3145 -0.1506
410227 105.6 23  0.3561 -0.1478
410227 105.6 24  0.3978 -0.1485
410227 105.6 25  0.4394 -0.1463
410227 105.6 26  0.4811 -0.1461
410227 105.6 27  0.5228 -0.1448
410227 105.6 28  0.5644 -0.1402
410227 105.6 29  0.6061 -0.1325
410227 105.6 30  0.6478 -0.1249
410227 105.6 31  0.6894 -0.1185
410227 105.6 32  0.7309 -0.0976
410227 105.6 33  0.7725 -0.0811
410227 105.6 34  0.8139 -0.0534
410227 105.6 35  0.8346 -0.0378
410227 105.6 36  0.8552 -0.0132
410227 105.6 37  0.8758  0.0157
410227 105.6 38  0.8962  0.0444
410227 105.6 39  0.9166  0.0839
410227 105.6 40  0.9365  0.1205
410227 105.6 41  0.9544  0.1333
410227 105.6 42  0.9717  0.1440
410228 110.4  1  0.0000  0.8866
410228 110.4  2  0.0006  0.7700
410228 110.4  3  0.0022  0.5738
410228 110.4  4  0.0046  0.3880
410228 110.4  5  0.0074  0.2639
410228 110.4  6  0.0105  0.1582
410228 110.4  7  0.0137  0.1021
410228 110.4  8  0.0172  0.0525
410228 110.4  9  0.0208  0.0257
410228 110.4 10  0.0282 -0.0302
410228 110.4 11  0.0358 -0.0615
410228 110.4 12  0.0435 -0.0838
410228 110.4 13  0.0555 -0.1127
410228 110.4 14  0.0674 -0.1372
410228 110.4 15  0.0876 -0.1299
410228 110.4 16  0.1079 -0.1370
410228 110.4 17  0.1284 -0.1454
410228 110.4 18  0.1489 -0.1486
410228 110.4 19  0.1901 -0.1446
410228 110.4 20  0.2315 -0.1463
410228 110.4 21  0.2728 -0.1445
410228 110.4 22  0.3145 -0.1504
410228 110.4 23  0.3561 -0.1468
410228 110.4 24  0.3978 -0.1450
410228 110.4 25  0.4394 -0.1412
410228 110.4 26  0.4811 -0.1398
410228 110.4 27  0.5228 -0.1380
410228 110.4 28  0.5644 -0.1337
410228 110.4 29  0.6061 -0.1247
410228 110.4 30  0.6478 -0.1137
410228 110.4 31  0.6894 -0.1056
410228 110.4 32  0.7309 -0.0854
410228 110.4 33  0.7725 -0.0664
410228 110.4 34  0.8139 -0.0395
410228 110.4 35  0.8346 -0.0240
410228 110.4 36  0.8552 -0.0037
410228 110.4 37  0.8758  0.0229
410228 110.4 38  0.8962  0.0493
410228 110.4 39  0.9166  0.0853
410228 110.4 40  0.9365  0.1218
410228 110.4 41  0.9544  0.1324
410228 110.4 42  0.9717  0.1454
410229 115.2  1  0.0000  0.8867
410229 115.2  2  0.0006  0.7520
410229 115.2  3  0.0022  0.5522
410229 115.2  4  0.0046  0.3633
410229 115.2  5  0.0074  0.2399
410229 115.2  6  0.0105  0.1389
410229 115.2  7  0.0137  0.0802
410229 115.2  8  0.0172  0.0359
410229 115.2  9  0.0208  0.0072
410229 115.2 10  0.0282 -0.0451
410229 115.2 11  0.0358 -0.0738
410229 115.2 12  0.0435 -0.0965
410229 115.2 13  0.0555 -0.1227
410229 115.2 14  0.0674 -0.1462
410229 115.2 15  0.0876 -0.1334
410229 115.2 16  0.1079 -0.1402
410229 115.2 17  0.1284 -0.1481
410229 115.2 18  0.1489 -0.1508
410229 115.2 19  0.1901 -0.1480
410229 115.2 20  0.2315 -0.1436
410229 115.2 21  0.2728 -0.1437
410229 115.2 22  0.3145 -0.1488
410229 115.2 23  0.3561 -0.1424
410229 115.2 24  0.3978 -0.1396
410229 115.2 25  0.4394 -0.1371
410229 115.2 26  0.4811 -0.1329
410229 115.2 27  0.5228 -0.1304
410229 115.2 28  0.5644 -0.1249
410229 115.2 29  0.6061 -0.1151
410229 115.2 30  0.6478 -0.1042
410229 115.2 31  0.6894 -0.0951
410229 115.2 32  0.7309 -0.0707
410229 115.2 33  0.7725 -0.0548
410229 115.2 34  0.8139 -0.0287
410229 115.2 35  0.8346 -0.0183
410229 115.2 36  0.8552  0.0033
410229 115.2 37  0.8758  0.0259
410229 115.2 38  0.8962  0.0483
410229 115.2 39  0.9166  0.0855
410229 115.2 40  0.9365  0.1211
410229 115.2 41  0.9544  0.1335
410229 115.2 42  0.9717  0.1456
410230 120.0  1  0.0000  0.8862
410230 120.0  2  0.0006  0.7442
410230 120.0  3  0.0022  0.5334
410230 120.0  4  0.0046  0.3413
410230 120.0  5  0.0074  0.2198
410230 120.0  6  0.0105  0.1187
410230 120.0  7  0.0137  0.0628
410230 120.0  8  0.0172  0.0181
410230 120.0  9  0.0208 -0.0113
410230 120.0 10  0.0282 -0.0597
410230 120.0 11  0.0358 -0.0879
410230 120.0 12  0.0435 -0.1065
410230 120.0 13  0.0555 -0.1324
410230 120.0 14  0.0674 -0.1541
410230 120.0 15  0.0876 -0.1410
410230 120.0 16  0.1079 -0.1453
410230 120.0 17  0.1284 -0.1524
410230 120.0 18  0.1489 -0.1529
410230 120.0 19  0.1901 -0.1491
410230 120.0 20  0.2315 -0.1424
410230 120.0 21  0.2728 -0.1398
410230 120.0 22  0.3145 -0.1430
410230 120.0 23  0.3561 -0.1388
410230 120.0 24  0.3978 -0.1352
410230 120.0 25  0.4394 -0.1300
410230 120.0 26  0.4811 -0.1271
410230 120.0 27  0.5228 -0.1239
410230 120.0 28  0.5644 -0.1178
410230 120.0 29  0.6061 -0.1053
410230 120.0 30  0.6478 -0.0938
410230 120.0 31  0.6894 -0.0825
410230 120.0 32  0.7309 -0.0623
410230 120.0 33  0.7725 -0.0446
410230 120.0 34  0.8139 -0.0232
410230 120.0 35  0.8346 -0.0100
410230 120.0 36  0.8552  0.0065
410230 120.0 37  0.8758  0.0281
410230 120.0 38  0.8962  0.0494
410230 120.0 39  0.9166  0.0832
410230 120.0 40  0.9365  0.1221
410230 120.0 41  0.9544  0.1331
410230 120.0 42  0.9717  0.1468
410231 124.8  1  0.0000  0.8851
410231 124.8  2  0.0006  0.7296
410231 124.8  3  0.0022  0.5133
410231 124.8  4  0.0046  0.3210
410231 124.8  5  0.0074  0.1973
410231 124.8  6  0.0105  0.0994
410231 124.8  7  0.0137  0.0442
410231 124.8  8  0.0172  0.0013
410231 124.8  9  0.0208 -0.0246
410231 124.8 10  0.0282 -0.0693
410231 124.8 11  0.0358 -0.0938
410231 124.8 12  0.0435 -0.1137
410231 124.8 13  0.0555 -0.1402
410231 124.8 14  0.0674 -0.1598
410231 124.8 15  0.0876 -0.1437
410231 124.8 16  0.1079 -0.1462
410231 124.8 17  0.1284 -0.1523
410231 124.8 18  0.1489 -0.1538
410231 124.8 19  0.1901 -0.1490
410231 124.8 20  0.2315 -0.1377
410231 124.8 21  0.2728 -0.1367
410231 124.8 22  0.3145 -0.1375
410231 124.8 23  0.3561 -0.1344
410231 124.8 24  0.3978 -0.1268
410231 124.8 25  0.4394 -0.1217
410231 124.8 26  0.4811 -0.1193
410231 124.8 27  0.5228 -0.1144
410231 124.8 28  0.5644 -0.1078
410231 124.8 29  0.6061 -0.0948
410231 124.8 30  0.6478 -0.0834
410231 124.8 31  0.6894 -0.0726
410231 124.8 32  0.7309 -0.0526
410231 124.8 33  0.7725 -0.0367
410231 124.8 34  0.8139 -0.0187
410231 124.8 35  0.8346 -0.0072
410231 124.8 36  0.8552  0.0087
410231 124.8 37  0.8758  0.0290
410231 124.8 38  0.8962  0.0491
410231 124.8 39  0.9166  0.0816
410231 124.8 40  0.9365  0.1193
410231 124.8 41  0.9544  0.1332
410231 124.8 42  0.9717  0.1457
410232 129.6  1  0.0000  0.8846
410232 129.6  2  0.0006  0.7176
410232 129.6  3  0.0022  0.4981
410232 129.6  4  0.0046  0.3062
410232 129.6  5  0.0074  0.1799
410232 129.6  6  0.0105  0.0831
410232 129.6  7  0.0137  0.0311
410232 129.6  8  0.0172 -0.0113
410232 129.6  9  0.0208 -0.0340
410232 129.6 10  0.0282 -0.0818
410232 129.6 11  0.0358 -0.1045
410232 129.6 12  0.0435 -0.1230
410232 129.6 13  0.0555 -0.1450
410232 129.6 14  0.0674 -0.1628
410232 129.6 15  0.0876 -0.1456
410232 129.6 16  0.1079 -0.1499
410232 129.6 17  0.1284 -0.1528
410232 129.6 18  0.1489 -0.1514
410232 129.6 19  0.1901 -0.1467
410232 129.6 20  0.2315 -0.1346
410232 129.6 21  0.2728 -0.1309
410232 129.6 22  0.3145 -0.1323
410232 129.6 23  0.3561 -0.1269
410232 129.6 24  0.3978 -0.1200
410232 129.6 25  0.4394 -0.1169
410232 129.6 26  0.4811 -0.1118
410232 129.6 27  0.5228 -0.1059
410232 129.6 28  0.5644 -0.0979
410232 129.6 29  0.6061 -0.0847
410232 129.6 30  0.6478 -0.0743
410232 129.6 31  0.6894 -0.0640
410232 129.6 32  0.7309 -0.0479
410232 129.6 33  0.7725 -0.0326
410232 129.6 34  0.8139 -0.0158
410232 129.6 35  0.8346 -0.0055
410232 129.6 36  0.8552  0.0094
410232 129.6 37  0.8758  0.0284
410232 129.6 38  0.8962  0.0472
410232 129.6 39  0.9166  0.0784
410232 129.6 40  0.9365  0.1165
410232 129.6 41  0.9544  0.1342
410232 129.6 42  0.9717  0.1443
410233 134.4  1  0.0000  0.8850
410233 134.4  2  0.0006  0.7081
410233 134.4  3  0.0022  0.4807
410233 134.4  4  0.0046  0.2850
410233 134.4  5  0.0074  0.1628
410233 134.4  6  0.0105  0.0673
410233 134.4  7  0.0137  0.0165
410233 134.4  8  0.0172 -0.0253
410233 134.4  9  0.0208 -0.0509
410233 134.4 10  0.0282 -0.0905
410233 134.4 11  0.0358 -0.1126
410233 134.4 12  0.0435 -0.1275
410233 134.4 13  0.0555 -0.1491
410233 134.4 14  0.0674 -0.1651
410233 134.4 15  0.0876 -0.1479
410233 134.4 16  0.1079 -0.1478
410233 134.4 17  0.1284 -0.1524
410233 134.4 18  0.1489 -0.1526
410233 134.4 19  0.1901 -0.1448
410233 134.4 20  0.2315 -0.1291
410233 134.4 21  0.2728 -0.1265
410233 134.4 22  0.3145 -0.1287
410233 134.4 23  0.3561 -0.1220
410233 134.4 24  0.3978 -0.1136
410233 134.4 25  0.4394 -0.1071
410233 134.4 26  0.4811 -0.1027
410233 134.4 27  0.5228 -0.0967
410233 134.4 28  0.5644 -0.0909
410233 134.4 29  0.6061 -0.0774
410233 134.4 30  0.6478 -0.0664
410233 134.4 31  0.6894 -0.0579
410233 134.4 32  0.7309 -0.0422
410233 134.4 33  0.7725 -0.0309
410233 134.4 34  0.8139 -0.0139
410233 134.4 35  0.8346 -0.0062
410233 134.4 36  0.8552  0.0101
410233 134.4 37  0.8758  0.0271
410233 134.4 38  0.8962  0.0440
410233 134.4 39  0.9166  0.0759
410233 134.4 40  0.9365  0.1137
410233 134.4 41  0.9544  0.1326
410233 134.4 42  0.9717  0.1424
410234 139.2  1  0.0000  0.8850
410234 139.2  2  0.0006  0.6995
410234 139.2  3  0.0022  0.4676
410234 139.2  4  0.0046  0.2690
410234 139.2  5  0.0074  0.1459
410234 139.2  6  0.0105  0.0545
410234 139.2  7  0.0137  0.0030
410234 139.2  8  0.0172 -0.0350
410234 139.2  9  0.0208 -0.0607
410234 139.2 10  0.0282 -0.0967
410234 139.2 11  0.0358 -0.1192
410234 139.2 12  0.0435 -0.1363
410234 139.2 13  0.0555 -0.1513
410234 139.2 14  0.0674 -0.1685
410234 139.2 15  0.0876 -0.1486
410234 139.2 16  0.1079 -0.1481
410234 139.2 17  0.1284 -0.1497
410234 139.2 18  0.1489 -0.1495
410234 139.2 19  0.1901 -0.1399
410234 139.2 20  0.2315 -0.1245
410234 139.2 21  0.2728 -0.1201
410234 139.2 22  0.3145 -0.1224
410234 139.2 23  0.3561 -0.1136
410234 139.2 24  0.3978 -0.1066
410234 139.2 25  0.4394 -0.1004
410234 139.2 26  0.4811 -0.0948
410234 139.2 27  0.5228 -0.0902
410234 139.2 28  0.5644 -0.0824
410234 139.2 29  0.6061 -0.0696
410234 139.2 30  0.6478 -0.0613
410234 139.2 31  0.6894 -0.0527
410234 139.2 32  0.7309 -0.0395
410234 139.2 33  0.7725 -0.0270
410234 139.2 34  0.8139 -0.0135
410234 139.2 35  0.8346 -0.0045
410234 139.2 36  0.8552  0.0088
410234 139.2 37  0.8758  0.0254
410234 139.2 38  0.8962  0.0418
410234 139.2 39  0.9166  0.0701
410234 139.2 40  0.9365  0.1093
410234 139.2 41  0.9544  0.1335
410234 139.2 42  0.9717  0.1424
410235 144.0  1  0.0000  0.8857
410235 144.0  2  0.0006  0.6933
410235 144.0  3  0.0022  0.4553
410235 144.0  4  0.0046  0.2583
410235 144.0  5  0.0074  0.1338
410235 144.0  6  0.0105  0.0406
410235 144.0  7  0.0137 -0.0096
410235 144.0  8  0.0172 -0.0489
410235 144.0  9  0.0208 -0.0670
410235 144.0 10  0.0282 -0.1041
410235 144.0 11  0.0358 -0.1243
410235 144.0 12  0.0435 -0.1371
410235 144.0 13  0.0555 -0.1552
410235 144.0 14  0.0674 -0.1715
410235 144.0 15  0.0876 -0.1472
410235 144.0 16  0.1079 -0.1475
410235 144.0 17  0.1284 -0.1478
410235 144.0 18  0.1489 -0.1460
410235 144.0 19  0.1901 -0.1373
410235 144.0 20  0.2315 -0.1208
410235 144.0 21  0.2728 -0.1132
410235 144.0 22  0.3145 -0.1147
410235 144.0 23  0.3561 -0.1064
410235 144.0 24  0.3978 -0.0988
410235 144.0 25  0.4394 -0.0925
410235 144.0 26  0.4811 -0.0884
410235 144.0 27  0.5228 -0.0832
410235 144.0 28  0.5644 -0.0769
410235 144.0 29  0.6061 -0.0653
410235 144.0 30  0.6478 -0.0560
410235 144.0 31  0.6894 -0.0500
410235 144.0 32  0.7309 -0.0364
410235 144.0 33  0.7725 -0.0278
410235 144.0 34  0.8139 -0.0130
410235 144.0 35  0.8346 -0.0057
410235 144.0 36  0.8552  0.0069
410235 144.0 37  0.8758  0.0214
410235 144.0 38  0.8962  0.0357
410235 144.0 39  0.9166  0.0646
410235 144.0 40  0.9365  0.1037
410235 144.0 41  0.9544  0.1338
410235 144.0 42  0.9717  0.1438
410236 148.8  1  0.0000  0.8823
410236 148.8  2  0.0006  0.6820
410236 148.8  3  0.0022  0.4427
410236 148.8  4  0.0046  0.2434
410236 148.8  5  0.0074  0.1230
410236 148.8  6  0.0105  0.0327
410236 148.8  7  0.0137 -0.0184
410236 148.8  8  0.0172 -0.0517
410236 148.8  9  0.0208 -0.0741
410236 148.8 10  0.0282 -0.1097
410236 148.8 11  0.0358 -0.1270
410236 148.8 12  0.0435 -0.1404
410236 148.8 13  0.0555 -0.1584
410236 148.8 14  0.0674 -0.1691
410236 148.8 15  0.0876 -0.1483
410236 148.8 16  0.1079 -0.1452
410236 148.8 17  0.1284 -0.1457
410236 148.8 18  0.1489 -0.1439
410236 148.8 19  0.1901 -0.1325
410236 148.8 20  0.2315 -0.1131
410236 148.8 21  0.2728 -0.1090
410236 148.8 22  0.3145 -0.1083
410236 148.8 23  0.3561 -0.1010
410236 148.8 24  0.3978 -0.0921
410236 148.8 25  0.4394 -0.0872
410236 148.8 26  0.4811 -0.0822
410236 148.8 27  0.5228 -0.0769
410236 148.8 28  0.5644 -0.0707
410236 148.8 29  0.6061 -0.0590
410236 148.8 30  0.6478 -0.0517
410236 148.8 31  0.6894 -0.0463
410236 148.8 32  0.7309 -0.0358
410236 148.8 33  0.7725 -0.0264
410236 148.8 34  0.8139 -0.0144
410236 148.8 35  0.8346 -0.0083
410236 148.8 36  0.8552  0.0031
410236 148.8 37  0.8758  0.0162
410236 148.8 38  0.8962  0.0292
410236 148.8 39  0.9166  0.0540
410236 148.8 40  0.9365  0.0935
410236 148.8 41  0.9544  0.1327
410236 148.8 42  0.9717  0.1485
410237 153.6  1  0.0000  0.8847
410237 153.6  2  0.0006  0.6756
410237 153.6  3  0.0022  0.4333
410237 153.6  4  0.0046  0.2310
410237 153.6  5  0.0074  0.1103
410237 153.6  6  0.0105  0.0270
410237 153.6  7  0.0137 -0.0247
410237 153.6  8  0.0172 -0.0611
410237 153.6  9  0.0208 -0.0844
410237 153.6 10  0.0282 -0.1131
410237 153.6 11  0.0358 -0.1327
410237 153.6 12  0.0435 -0.1436
410237 153.6 13  0.0555 -0.1586
410237 153.6 14  0.0674 -0.1723
410237 153.6 15  0.0876 -0.1485
410237 153.6 16  0.1079 -0.1443
410237 153.6 17  0.1284 -0.1436
410237 153.6 18  0.1489 -0.1389
410237 153.6 19  0.1901 -0.1296
410237 153.6 20  0.2315 -0.1082
410237 153.6 21  0.2728 -0.1035
410237 153.6 22  0.3145 -0.1009
410237 153.6 23  0.3561 -0.0935
410237 153.6 24  0.3978 -0.0871
410237 153.6 25  0.4394 -0.0814
410237 153.6 26  0.4811 -0.0753
410237 153.6 27  0.5228 -0.0705
410237 153.6 28  0.5644 -0.0650
410237 153.6 29  0.6061 -0.0554
410237 153.6 30  0.6478 -0.0480
410237 153.6 31  0.6894 -0.0420
410237 153.6 32  0.7309 -0.0331
410237 153.6 33  0.7725 -0.0244
410237 153.6 34  0.8139 -0.0142
410237 153.6 35  0.8346 -0.0113
410237 153.6 36  0.8552  0.0006
410237 153.6 37  0.8758  0.0116
410237 153.6 38  0.8962  0.0225
410237 153.6 39  0.9166  0.0444
410237 153.6 40  0.9365  0.0774
410237 153.6 41  0.9544  0.1234
410237 153.6 42  0.9717  0.1615
410238 158.4  1  0.0000  0.8819
410238 158.4  2  0.0006  0.6694
410238 158.4  3  0.0022  0.4269
410238 158.4  4  0.0046  0.2221
410238 158.4  5  0.0074  0.1045
410238 158.4  6  0.0105  0.0149
410238 158.4  7  0.0137 -0.0302
410238 158.4  8  0.0172 -0.0653
410238 158.4  9  0.0208 -0.0854
410238 158.4 10  0.0282 -0.1185
410238 158.4 11  0.0358 -0.1351
410238 158.4 12  0.0435 -0.1465
410238 158.4 13  0.0555 -0.1603
410238 158.4 14  0.0674 -0.1700
410238 158.4 15  0.0876 -0.1439
410238 158.4 16  0.1079 -0.1430
410238 158.4 17  0.1284 -0.1399
410238 158.4 18  0.1489 -0.1388
410238 158.4 19  0.1901 -0.1251
410238 158.4 20  0.2315 -0.1050
410238 158.4 21  0.2728 -0.0982
410238 158.4 22  0.3145 -0.0984
410238 158.4 23  0.3561 -0.0887
410238 158.4 24  0.3978 -0.0820
410238 158.4 25  0.4394 -0.0763
410238 158.4 26  0.4811 -0.0698
410238 158.4 27  0.5228 -0.0648
410238 158.4 28  0.5644 -0.0598
410238 158.4 29  0.6061 -0.0498
410238 158.4 30  0.6478 -0.0436
410238 158.4 31  0.6894 -0.0389
410238 158.4 32  0.7309 -0.0293
410238 158.4 33  0.7725 -0.0221
410238 158.4 34  0.8139 -0.0123
410238 158.4 35  0.8346 -0.0087
410238 158.4 36  0.8552  0.0013
410238 158.4 37  0.8758  0.0100
410238 158.4 38  0.8962  0.0187
410238 158.4 39  0.9166  0.0382
410238 158.4 40  0.9365  0.0665
410238 158.4 41  0.9544  0.1096
410238 158.4 42  0.9717  0.1727
410239 163.2  1  0.0000  0.8869
410239 163.2  2  0.0006  0.6676
410239 163.2  3  0.0022  0.4186
410239 163.2  4  0.0046  0.2164
410239 163.2  5  0.0074  0.0985
410239 163.2  6  0.0105  0.0108
410239 163.2  7  0.0137 -0.0364
410239 163.2  8  0.0172 -0.0720
410239 163.2  9  0.0208 -0.0895
410239 163.2 10  0.0282 -0.1239
410239 163.2 11  0.0358 -0.1357
410239 163.2 12  0.0435 -0.1464
410239 163.2 13  0.0555 -0.1592
410239 163.2 14  0.0674 -0.1712
410239 163.2 15  0.0876 -0.1442
410239 163.2 16  0.1079 -0.1415
410239 163.2 17  0.1284 -0.1390
410239 163.2 18  0.1489 -0.1362
410239 163.2 19  0.1901 -0.1213
410239 163.2 20  0.2315 -0.0977
410239 163.2 21  0.2728 -0.0941
410239 163.2 22  0.3145 -0.0938
410239 163.2 23  0.3561 -0.0839
410239 163.2 24  0.3978 -0.0755
410239 163.2 25  0.4394 -0.0699
410239 163.2 26  0.4811 -0.0652
410239 163.2 27  0.5228 -0.0595
410239 163.2 28  0.5644 -0.0540
410239 163.2 29  0.6061 -0.0444
410239 163.2 30  0.6478 -0.0371
410239 163.2 31  0.6894 -0.0332
410239 163.2 32  0.7309 -0.0228
410239 163.2 33  0.7725 -0.0138
410239 163.2 34  0.8139 -0.0061
410239 163.2 35  0.8346 -0.0014
410239 163.2 36  0.8552  0.0089
410239 163.2 37  0.8758  0.0161
410239 163.2 38  0.8962  0.0232
410239 163.2 39  0.9166  0.0389
410239 163.2 40  0.9365  0.0585
410239 163.2 41  0.9544  0.0955
410239 163.2 42  0.9717  0.1804
410240 168.0  1  0.0000  0.8869
410240 168.0  2  0.0006  0.6667
410240 168.0  3  0.0022  0.4120
410240 168.0  4  0.0046  0.2120
410240 168.0  5  0.0074  0.0937
410240 168.0  6  0.0105  0.0055
410240 168.0  7  0.0137 -0.0413
410240 168.0  8  0.0172 -0.0724
410240 168.0  9  0.0208 -0.0939
410240 168.0 10  0.0282 -0.1230
410240 168.0 11  0.0358 -0.1379
410240 168.0 12  0.0435 -0.1480
410240 168.0 13  0.0555 -0.1605
410240 168.0 14  0.0674 -0.1713
410240 168.0 15  0.0876 -0.1451
410240 168.0 16  0.1079 -0.1401
410240 168.0 17  0.1284 -0.1378
410240 168.0 18  0.1489 -0.1339
410240 168.0 19  0.1901 -0.1184
410240 168.0 20  0.2315 -0.0975
410240 168.0 21  0.2728 -0.0896
410240 168.0 22  0.3145 -0.0881
410240 168.0 23  0.3561 -0.0802
410240 168.0 24  0.3978 -0.0727
410240 168.0 25  0.4394 -0.0667
410240 168.0 26  0.4811 -0.0614
410240 168.0 27  0.5228 -0.0560
410240 168.0 28  0.5644 -0.0491
410240 168.0 29  0.6061 -0.0399
410240 168.0 30  0.6478 -0.0316
410240 168.0 31  0.6894 -0.0253
410240 168.0 32  0.7309 -0.0154
410240 168.0 33  0.7725 -0.0063
410240 168.0 34  0.8139  0.0051
410240 168.0 35  0.8346  0.0072
410240 168.0 36  0.8552  0.0191
410240 168.0 37  0.8758  0.0250
410240 168.0 38  0.8962  0.0309
410240 168.0 39  0.9166  0.0413
410240 168.0 40  0.9365  0.0526
410240 168.0 41  0.9544  0.0839
410240 168.0 42  0.9717  0.1814
410241 172.8  1  0.0000  0.8856
410241 172.8  2  0.0006  0.6627
410241 172.8  3  0.0022  0.4101
410241 172.8  4  0.0046  0.2062
410241 172.8  5  0.0074  0.0889
410241 172.8  6  0.0105  0.0038
410241 172.8  7  0.0137 -0.0421
410241 172.8  8  0.0172 -0.0750
410241 172.8  9  0.0208 -0.0968
410241 172.8 10  0.0282 -0.1245
410241 172.8 11  0.0358 -0.1399
410241 172.8 12  0.0435 -0.1483
410241 172.8 13  0.0555 -0.1594
410241 172.8 14  0.0674 -0.1713
410241 172.8 15  0.0876 -0.1440
410241 172.8 16  0.1079 -0.1387
410241 172.8 17  0.1284 -0.1360
410241 172.8 18  0.1489 -0.1320
410241 172.8 19  0.1901 -0.1152
410241 172.8 20  0.2315 -0.0943
410241 172.8 21  0.2728 -0.0897
410241 172.8 22  0.3145 -0.0875
410241 172.8 23  0.3561 -0.0792
410241 172.8 24  0.3978 -0.0684
410241 172.8 25  0.4394 -0.0630
410241 172.8 26  0.4811 -0.0581
410241 172.8 27  0.5228 -0.0524
410241 172.8 28  0.5644 -0.0455
410241 172.8 29  0.6061 -0.0376
410241 172.8 30  0.6478 -0.0270
410241 172.8 31  0.6894 -0.0213
410241 172.8 32  0.7309 -0.0093
410241 172.8 33  0.7725  0.0001
410241 172.8 34  0.8139  0.0122
410241 172.8 35  0.8346  0.0151
410241 172.8 36  0.8552  0.0265
410241 172.8 37  0.8758  0.0306
410241 172.8 38  0.8962  0.0347
410241 172.8 39  0.9166  0.0453
410241 172.8 40  0.9365  0.0528
410241 172.8 41  0.9544  0.0770
410241 172.8 42  0.9717  0.1829
410242 177.6  1  0.0000  0.8887
410242 177.6  2  0.0006  0.6627
410242 177.6  3  0.0022  0.4057
410242 177.6  4  0.0046  0.2056
410242 177.6  5  0.0074  0.0878
410242 177.6  6  0.0105 -0.0026
410242 177.6  7  0.0137 -0.0455
410242 177.6  8  0.0172 -0.0762
410242 177.6  9  0.0208 -0.0976
410242 177.6 10  0.0282 -0.1248
410242 177.6 11  0.0358 -0.1395
410242 177.6 12  0.0435 -0.1493
410242 177.6 13  0.0555 -0.1610
410242 177.6 14  0.0674 -0.1715
410242 177.6 15  0.0876 -0.1444
410242 177.6 16  0.1079 -0.1384
410242 177.6 17  0.1284 -0.1359
410242 177.6 18  0.1489 -0.1316
410242 177.6 19  0.1901 -0.1151
410242 177.6 20  0.2315 -0.0929
410242 177.6 21  0.2728 -0.0874
410242 177.6 22  0.3145 -0.0862
410242 177.6 23  0.3561 -0.0767
410242 177.6 24  0.3978 -0.0682
410242 177.6 25  0.4394 -0.0607
410242 177.6 26  0.4811 -0.0553
410242 177.6 27  0.5228 -0.0503
410242 177.6 28  0.5644 -0.0447
410242 177.6 29  0.6061 -0.0337
410242 177.6 30  0.6478 -0.0243
410242 177.6 31  0.6894 -0.0193
410242 177.6 32  0.7309 -0.0054
410242 177.6 33  0.7725  0.0047
410242 177.6 34  0.8139  0.0147
410242 177.6 35  0.8346  0.0187
410242 177.6 36  0.8552  0.0303
410242 177.6 37  0.8758  0.0345
410242 177.6 38  0.8962  0.0386
410242 177.6 39  0.9166  0.0465
410242 177.6 40  0.9365  0.0528
410242 177.6 41  0.9544  0.0769
410242 177.6 42  0.9717  0.1869
410243 179.2  1  0.0000  0.8901
410243 179.2  2  0.0006  0.6638
410243 179.2  3  0.0022  0.4089
410243 179.2  4  0.0046  0.2015
410243 179.2  5  0.0074  0.0855
410243 179.2  6  0.0105 -0.0022
410243 179.2  7  0.0137 -0.0481
410243 179.2  8  0.0172 -0.0783
410243 179.2  9  0.0208 -0.0986
410243 179.2 10  0.0282 -0.1252
410243 179.2 11  0.0358 -0.1407
410243 179.2 12  0.0435 -0.1494
410243 179.2 13  0.0555 -0.1612
410243 179.2 14  0.0674 -0.1712
410243 179.2 15  0.0876 -0.1432
410243 179.2 16  0.1079 -0.1386
410243 179.2 17  0.1284 -0.1356
410243 179.2 18  0.1489 -0.1317
410243 179.2 19  0.1901 -0.1158
410243 179.2 20  0.2315 -0.0936
410243 179.2 21  0.2728 -0.0877
410243 179.2 22  0.3145 -0.0857
410243 179.2 23  0.3561 -0.0770
410243 179.2 24  0.3978 -0.0675
410243 179.2 25  0.4394 -0.0632
410243 179.2 26  0.4811 -0.0549
410243 179.2 27  0.5228 -0.0504
410243 179.2 28  0.5644 -0.0452
410243 179.2 29  0.6061 -0.0325
410243 179.2 30  0.6478 -0.0249
410243 179.2 31  0.6894 -0.0195
410243 179.2 32  0.7309 -0.0054
410243 179.2 33  0.7725  0.0042
410243 179.2 34  0.8139  0.0160
410243 179.2 35  0.8346  0.0196
410243 179.2 36  0.8552  0.0308
410243 179.2 37  0.8758  0.0356
410243 179.2 38  0.8962  0.0404
410243 179.2 39  0.9166  0.0479
410243 179.2 40  0.9365  0.0537
410243 179.2 41  0.9544  0.0767
410243 179.2 42  0.9717  0.1860
410244 180.0  1  0.0000  0.8892
410244 180.0  2  0.0006  0.6632
410244 180.0  3  0.0022  0.4080
410244 180.0  4  0.0046  0.2031
410244 180.0  5  0.0074  0.0871
410244 180.0  6  0.0105 -0.0014
410244 180.0  7  0.0137 -0.0470
410244 180.0  8  0.0172 -0.0805
410244 180.0  9  0.0208 -0.0953
410244 180.0 10  0.0282 -0.1267
410244 180.0 11  0.0358 -0.1389
410244 180.0 12  0.0435 -0.1502
410244 180.0 13  0.0555 -0.1614
410244 180.0 14  0.0674 -0.1706
410244 180.0 15  0.0876 -0.1446
410244 180.0 16  0.1079 -0.1395
410244 180.0 17  0.1284 -0.1360
410244 180.0 18  0.1489 -0.1320
410244 180.0 19  0.1901 -0.1151
410244 180.0 20  0.2315 -0.0930
410244 180.0 21  0.2728 -0.0875
410244 180.0 22  0.3145 -0.0853
410244 180.0 23  0.3561 -0.0771
410244 180.0 24  0.3978 -0.0685
410244 180.0 25  0.4394 -0.0623
410244 180.0 26  0.4811 -0.0571
410244 180.0 27  0.5228 -0.0514
410244 180.0 28  0.5644 -0.0439
410244 180.0 29  0.6061 -0.0335
410244 180.0 30  0.6478 -0.0238
410244 180.0 31  0.6894 -0.0192
410244 180.0 32  0.7309 -0.0053
410244 180.0 33  0.7725  0.0055
410244 180.0 34  0.8139  0.0168
410244 180.0 35  0.8346  0.0200
410244 180.0 36  0.8552  0.0301
410244 180.0 37  0.8758  0.0340
410244 180.0 38  0.8962  0.0379
410244 180.0 39  0.9166  0.0475
410244 180.0 40  0.9365  0.0497
410244 180.0 41  0.9544  0.0526
410244 180.0 42  0.9717  0.1845
410245 180.8  1  0.0000  0.8919
410245 180.8  2  0.0006  0.6635
410245 180.8  3  0.0022  0.4060
410245 180.8  4  0.0046  0.2034
410245 180.8  5  0.0074  0.0895
410245 180.8  6  0.0105  0.0025
410245 180.8  7  0.0137 -0.0470
410245 180.8  8  0.0172 -0.0759
410245 180.8  9  0.0208 -0.0983
410245 180.8 10  0.0282 -0.1258
410245 180.8 11  0.0358 -0.1381
410245 180.8 12  0.0435 -0.1474
410245 180.8 13  0.0555 -0.1622
410245 180.8 14  0.0674 -0.1699
410245 180.8 15  0.0876 -0.1435
410245 180.8 16  0.1079 -0.1380
410245 180.8 17  0.1284 -0.1355
410245 180.8 18  0.1489 -0.1330
410245 180.8 19  0.1901 -0.1144
410245 180.8 20  0.2315 -0.0927
410245 180.8 21  0.2728 -0.0853
410245 180.8 22  0.3145 -0.0849
410245 180.8 23  0.3561 -0.0763
410245 180.8 24  0.3978 -0.0672
410245 180.8 25  0.4394 -0.0624
410245 180.8 26  0.4811 -0.0552
410245 180.8 27  0.5228 -0.0492
410245 180.8 28  0.5644 -0.0443
410245 180.8 29  0.6061 -0.0343
410245 180.8 30  0.6478 -0.0234
410245 180.8 31  0.6894 -0.0184
410245 180.8 32  0.7309 -0.0052
410245 180.8 33  0.7725  0.0042
410245 180.8 34  0.8139  0.0159
410245 180.8 35  0.8346  0.0203
410245 180.8 36  0.8552  0.0319
410245 180.8 37  0.8758  0.0360
410245 180.8 38  0.8962  0.0401
410245 180.8 39  0.9166  0.0458
410245 180.8 40  0.9365  0.0535
410245 180.8 41  0.9544  0.0763
410245 180.8 42  0.9717  0.1865
410246 182.4  1  0.0000  0.8901
410246 182.4  2  0.0006  0.6641
410246 182.4  3  0.0022  0.4087
410246 182.4  4  0.0046  0.2002
410246 182.4  5  0.0074  0.0884
410246 182.4  6  0.0105  0.0005
410246 182.4  7  0.0137 -0.0467
410246 182.4  8  0.0172 -0.0786
410246 182.4  9  0.0208 -0.0997
410246 182.4 10  0.0282 -0.1247
410246 182.4 11  0.0358 -0.1394
410246 182.4 12  0.0435 -0.1472
410246 182.4 13  0.0555 -0.1609
410246 182.4 14  0.0674 -0.1707
410246 182.4 15  0.0876 -0.1432
410246 182.4 16  0.1079 -0.1394
410246 182.4 17  0.1284 -0.1373
410246 182.4 18  0.1489 -0.1331
410246 182.4 19  0.1901 -0.1150
410246 182.4 20  0.2315 -0.0935
410246 182.4 21  0.2728 -0.0883
410246 182.4 22  0.3145 -0.0860
410246 182.4 23  0.3561 -0.0771
410246 182.4 24  0.3978 -0.0689
410246 182.4 25  0.4394 -0.0635
410246 182.4 26  0.4811 -0.0566
410246 182.4 27  0.5228 -0.0502
410246 182.4 28  0.5644 -0.0444
410246 182.4 29  0.6061 -0.0354
410246 182.4 30  0.6478 -0.0232
410246 182.4 31  0.6894 -0.0198
410246 182.4 32  0.7309 -0.0053
410246 182.4 33  0.7725  0.0056
410246 182.4 34  0.8139  0.0167
410246 182.4 35  0.8346  0.0208
410246 182.4 36  0.8552  0.0310
410246 182.4 37  0.8758  0.0350
410246 182.4 38  0.8962  0.0389
410246 182.4 39  0.9166  0.0463
410246 182.4 40  0.9365  0.0520
410246 182.4 41  0.9544  0.0763
410246 182.4 42  0.9717  0.1872
